s.area	m.eccentricity	s.radius.sd	h.sva.s2	h.idm.s1	h.sen.s1	m.majoraxis
140	0.988767816950192	5.80715226165824	266.301848442889	0.469947535130781	0.883060197962311	50.1837959107267
82	0.992827793715111	4.15150898520882	197.251549486924	0.475554119418217	0.780951210571928	31.9508141206752
619	0.950789270521275	13.9876863798189	310.472826816725	0.405040718041526	0.964976379237804	106.881090622664
952	0.884270108002158	13.2322196661639	351.418699154987	0.380273591625265	1.06945370932001	111.265043749322
134	0.977401507147098	4.4225921837898	317.891426026925	0.3642655648538	0.970458718889165	35.3390630213115
63	0.84269309677616	1.75833181159527	346.320294221755	0.339692612467482	1.00761081297837	14.1242688498138
63968	0.739477524218097	115.647827769985	326.416885882551	0.394799269268473	1.05346435828201	919.920117918875
77	0.984604056810149	3.40015056910262	263.452510957275	0.425782481107695	0.89027631648352	26.5661860077768
74	0.990712332750629	3.48483236386739	221.774448933209	0.453078771710783	0.821559925831504	27.9764217478784
53	0.681540381115031	0.752797356444576	451.339268502359	0.371330417454985	1.08356558910932	9.92559411069333
268	0.991368610286679	9.62590082229789	280.160155444297	0.443588103974472	0.945661226692956	74.4992188601295
47	0.972434018789281	2.04821936153152	239.290042492127	0.456620936032701	0.731535507006614	16.9968655943225
74	0.821389590264128	1.43465093979097	196.364110923126	0.482037189096013	0.713721504558382	16.7400282838671
84	0.727993035559564	0.752931714486075	730.400926924545	0.294975938071913	1.24475359335197	12.479066328677
176	0.995131772994338	6.92785625936284	340.845266401023	0.382644182644183	0.951128483465893	57.5412998005471
50	0.973491809310749	2.5114119521462	198.026566518355	0.573742047426258	0.605818046706539	21.4264677578098
131	0.991917051164367	5.10585893049574	238.705452739143	0.452137906113667	0.764510273127965	40.817730538405
310	0.994517717389111	12.3552783332945	247.953053212838	0.473962606458323	0.880130755680179	90.3321984817511
42	0.884781382445623	1.11494326239609	360.074782215757	0.375702349301238	0.996389871220609	10.9360506699492
1325	0.992127693839624	28.3423985540945	308.541798936181	0.391949829189292	1.01641657946475	249.472023489979
97	0.991624586290489	4.14063038030468	244.992502160739	0.444374254110563	0.836225534041109	33.7196236443148
78	0.984785673277782	3.5152897833485	248.288667264743	0.450707677781914	0.881855978580632	28.9306839063199
64	0.672225059517109	0.829466976556064	434.312296086395	0.341780886351022	1.1280526057816	10.8945090250057
52	0.992425791450945	2.93200997105135	162.589482866972	0.548681318681319	0.538670905917039	23.7997549130807
32	0.734126166062715	0.561277623825405	276.748445100946	0.38646524590797	0.966813843343813	7.83692297033059
114	0.984258812957023	4.42197269014223	255.297827863503	0.423080786865953	0.897913840446122	34.7430962792498
195	0.987760181873066	8.30835626234877	205.345017329617	0.490202597847533	0.712191421470516	69.8618973776759
54	0.992228340010675	3.23966704363704	166.758195058841	0.626923076923077	0.534798215338909	25.3501834523388
101	0.990888511368008	5.12083144526089	188.035516660779	0.547779296116892	0.68168052246822	39.9215762450904
247	0.972010679053789	7.77425573922501	343.006562999194	0.446939729512572	0.987271463504312	66.6895324151505
76	0.968344539532308	2.7786049412341	264.853611069471	0.436643791511048	0.904425833143483	23.9400450440365
113	0.982211582944614	4.18720640969373	390.484893809011	0.446606722517894	1.00817947595372	33.3918731335376
240	0.935362639130961	6.88539946016907	268.596262907097	0.451287520552226	0.937932945095205	58.5466224168453
55	0.927559922213559	2.04945084454866	200.598697452832	0.521297749869179	0.633161149853332	17.7659521121443
55	0.934330139887783	1.61186939155486	303.416409477073	0.397926321317325	0.947268038631358	14.2647684205557
50	0.992618329763607	3.05281682087411	156.256060685601	0.642640823743186	0.498870473285412	24.621775446624
37	0.642222032120136	0.611502465952099	274.134622633662	0.412060856257995	0.96391157630718	8.118101557317
282	0.994214905228293	11.254800440843	229.494180894669	0.477656930344192	0.87789688120024	85.491366878367
36	0.817738413971332	1.24879036406973	290.102834877799	0.467846153846154	0.671331190002032	10.6500065224068
161	0.997744312627803	7.42394095666985	219.972606031227	0.467364711997065	0.763222318238141	58.0020923175343
147	0.997647252348303	7.31554789611484	204.578730291782	0.504371186558428	0.733599965091349	57.6649981183797
77	0.839553453205253	2.33538051220065	275.514910602788	0.492383580251227	0.89072034219711	18.2284074871473
41	0.917475592956644	1.76160476914489	191.33128885369	0.549809995141889	0.738566955870983	13.613495772066
544	0.998957510343348	19.0345056067305	277.10656865391	0.391535335128079	0.890618625487824	158.053469383532
343	0.993465221410932	12.3471238304797	325.66067849937	0.460681159807998	0.992706152006635	100.727708117389
162	0.998014480998633	7.77477261674976	217.741447723574	0.460941900534188	0.807647367125989	62.3156687529997
362	0.987171379618777	13.0351595397116	202.662934226414	0.551354093265858	0.732063213940058	101.656518462181
49	0.819024719370657	1.46696408218354	228.808518312121	0.4148559279781	0.911875260317746	12.3067775665532
33	0.604015479650274	0.30165622576331	315.087124820394	0.340285781054564	1.01063074506734	7.22276917606349
137	0.997654736034776	6.74194535176366	192.121293885271	0.446969696969697	0.6425213344528	54.57796771194
37	0.772606647918087	0.842785682754989	275.306846551552	0.410350940398635	0.960119681843425	9.02581935915466
1086	0.991180595551017	24.6662571432117	335.979804658201	0.388715783821281	1.00326736024378	199.847586244638
40	0.498093407451262	0.23370473932752	519.716658510606	0.3296027766616	1.05212433177797	7.62549657213705
61	0.871445565391046	1.67437111921246	238.821261846063	0.409451084962594	0.907918225154498	14.7451104247824
160	0.98851244862208	5.12558811128921	299.97404910784	0.371563249547764	1.00538667647764	41.1206306884494
76	0.99544335998225	4.34804052840758	163.147700701619	0.560921853980677	0.576706972120718	35.2876465676851
59	0.97161744131373	2.53177345191928	255.890147895809	0.421436106265828	0.867164183117463	19.6000174991338
55	0.96806831900816	2.17810217376372	224.877458655428	0.448223310820425	0.818630241772705	18.4594646248484
108	0.990651413175134	4.91318042167616	210.000489573757	0.498696904242052	0.716952958405638	41.5244893407101
34	0.746815105312417	0.781244927005332	257.157652944413	0.387606675138645	0.858988397306738	8.3520973071031
52	0.990944936932598	2.85994329858946	186.036977347915	0.588888888888889	0.44581471818561	22.2967247023967
77	0.987538049520948	3.37917268984979	210.983211156616	0.474632616985558	0.780837439748335	27.5236905997025
157	0.997971851138633	7.38000137467366	217.627895043963	0.418399155077356	0.749596224300582	59.0711223877361
49	0.976064894923286	2.24759212761278	222.988270527373	0.45349288828638	0.767757322891087	18.0719945171587
128	0.976960635088476	4.55993484538517	335.841021405213	0.421145046555617	0.985393746526426	37.7898704219609
127	0.953088102422048	5.48689756411018	186.265947696088	0.603139922701357	0.592197247299472	40.2718928818097
60	0.859168690880647	1.74899811075051	261.720162759808	0.504009177074193	0.83432960003137	15.1731045256928
63	0.730247741551066	0.887142500420993	376.318320004893	0.376255639541644	1.09448919326129	11.15938256163
47	0.968388684246289	2.02289449339137	215.430504793923	0.479938218761748	0.814935796514746	16.4631088910774
244	0.989468603486139	8.41833656777541	323.793439518601	0.383648982549477	0.9851974325742	68.9798926642847
689	0.887363427893622	11.1481645022215	256.537935655338	0.467117743656997	0.879376916368009	94.3454370449277
76	0.92932574779581	2.03107362169036	244.863017520553	0.391910791910792	0.871643366754988	17.8793040019878
55	0.910610558729288	2.16526878330944	190.294731444362	0.579707252891837	0.616543649769575	18.2135607480509
45	0.93772958786596	1.65801654158066	250.826505200376	0.414811633689883	0.913573033932905	14.0318290501802
48	0.799859022374622	1.05727616477084	363.323663288093	0.373883569273076	1.05135952916713	10.6163073562667
119	0.993919866264646	5.69013515008976	201.81581568297	0.467938479635181	0.808775464821821	42.6745117743574
39	0.940363513819089	1.4033397016135	237.920702341594	0.426398820826065	0.87386711539291	12.2522901701652
48	0.987050568441911	2.4759032142476	165.628073761596	0.488314738696418	0.607719007467606	20.5293473282198
46	0.947666472387152	1.7396678229705	255.238502304004	0.37691942634875	0.831573501880449	14.4642889762125
98	0.991790183382274	4.52982519231477	197.667815304141	0.498483206933911	0.704150399231758	37.0298790575845
37	0.814295604035553	0.716348799171732	273.785785668904	0.381935084485839	0.968587526027169	9.06116764409502
50	0.92548154897933	1.54354860621681	276.041909163408	0.396448412213118	0.880969077856638	13.8785002190034
250	0.999188790349176	11.9526008959818	207.736398031308	0.42449463408962	0.710071608623168	95.5451966390008
271	0.998600685145105	13.7629176480439	204.164626472657	0.54795195767332	0.706110734128201	105.189281555829
76	0.954971183202068	2.69748597105364	258.859639054554	0.456772464772465	0.900791259762447	23.1414191163935
78	0.976372112399755	2.67448703693972	271.690485207859	0.427513778315917	0.824109154861058	22.1958894026338
34	0.599132260551977	0.588802684623811	303.457048972476	0.387123855289945	0.924938182421691	7.62032321656118
36	0.873407676159405	1.18952641960803	178.96886393923	0.441298285242922	0.777900701116567	11.1485039378309
60	0.971614192433033	2.39525006831874	226.100037160399	0.456168198156028	0.843130119033825	19.4064809251696
338	0.996672402169873	12.0683339508235	308.3466223152	0.410073993794665	1.00457135880889	90.6140929239636
352	0.980426666982109	8.79782374872786	314.822413505116	0.418299988800181	0.998624570777778	71.5938867424836
311	0.994818212472259	13.0264402112234	241.68153064931	0.427639644328237	0.891285186173651	97.5816501077426
76	0.996603098246915	4.44749080647454	207.130355262574	0.639375476009139	0.495057307784537	36.6081956381692
32	0.74034934646538	0.525176290611958	325.443819196737	0.337479402245927	0.943707980033674	7.72981241687015
96	0.646758097892611	2.03195526399402	217.376216861414	0.444341715348623	0.792724814211008	17.1393827236199
46	0.964495449528759	1.88188030721985	199.830959391601	0.465850815850816	0.717505782172552	15.8730586309457
131	0.974495132341697	4.41415277401835	297.914853990931	0.371133110620589	0.974325898420726	35.9457584673142
56	0.993361587578924	3.27322079537801	183.76504398885	0.583359497645212	0.533285360683711	25.1116362495742
34	0.734305444443145	0.756049454750281	240.222885111335	0.428536310889252	0.903167144898317	8.2926787757448
40	0.80357919271588	0.727696494611362	337.014487371524	0.371643975404824	1.01443533844658	9.36724643475924
496	0.965217313077435	10.8230290291264	293.427706146158	0.408984419084665	0.99353306211568	95.1294448422487
32	0.923138758075558	1.19354422712676	280.662290476393	0.406324786324786	0.655884723074222	10.6971673327179
89	0.996036505886537	4.84487657552974	198.405804296393	0.554479265590377	0.608512501126384	38.0786638920863
78	0.920668019670275	2.74745669315024	215.879813073538	0.576062748482283	0.726138046369753	21.6375596418391
42	0.976381168591871	2.12068668554595	183.476519539069	0.508379120879121	0.584089753497175	17.4506189219496
295	0.987891587564197	9.722177740638	222.588442285012	0.499508268703135	0.809832036455263	75.5421546216202
274	0.975593362530844	8.26650150094217	315.13084058984	0.439054457541853	0.982057297325686	66.2033065051343
118	0.985515178191853	4.43860003730435	384.588311312553	0.383979055782125	1.10890760166926	37.1659070462696
354	0.77110244628714	6.36391782533776	378.208803420416	0.396475009898294	1.08329950483808	47.1654593987076
37	0.984362119518331	2.2674734945296	167.206453432997	0.660869565217391	0.40214866767317	17.4322950173027
50	0.985155261461784	2.49313071796972	197.73903749912	0.511318681318681	0.617789856641576	19.7189187334788
56	0.88402400357408	1.94100467072092	226.375649353788	0.510111272375423	0.703509678791799	16.2512790998257
65	0.988660939543104	3.1588906585131	165.283020187636	0.498108448928121	0.657443979534568	26.0958652992747
102	0.97065490399547	3.81134821013292	230.235080692569	0.397176258395581	0.87469212955184	31.2063606577172
38	0.970173883039699	1.97371403634404	216.017079801395	0.574072661961935	0.703061495393068	15.7056849913711
86	0.902579422501938	2.34878642017227	382.241656083136	0.362754499502926	1.10356363187268	18.7306193964836
154	0.987303906453266	4.99391721282993	329.76657313014	0.366702613761437	1.04028340434731	41.3755465735387
33	0.892783128420002	0.980493452503546	252.957848798973	0.425674911336676	0.864650241995752	9.97707374232311
41	0.85526486322238	0.902109454914345	314.052450839401	0.372983261218555	0.998001078589789	10.0876266535375
58	0.979467896296259	2.53746426734154	212.750629254399	0.457038928344524	0.769833335395803	21.5304792734111
36	0.856200689571613	1.17048735075817	234.581617205336	0.463415143826337	0.832321508612766	10.504214537399
1991	0.757970836833362	33.1887230723533	264.269343069498	0.445705566803606	0.948667194105576	238.905868381826
78	0.986103812732902	3.32065677307552	229.465441346242	0.479588233148605	0.796097007325934	26.380586820771
46	0.95091637784105	1.63162278521666	260.945505547529	0.422274038744627	0.86922846798857	14.0869383813546
31	0.777265672437281	0.921594361974603	176.765640172112	0.447699532892231	0.788985598289167	8.67133107685582
150	0.808399548334514	3.29839597965489	247.100008798	0.462050696619238	0.924913182112799	27.7322024676144
114	0.940267720425394	4.17143526852094	170.719802830712	0.521774776947191	0.64403789856931	32.3966654154391
215	0.995202224301523	7.48091206394343	303.121690280649	0.388494012782438	0.956374535677268	61.4452833691658
91	0.992649994762082	4.40463766156574	201.209849022189	0.499305224841557	0.674850728677027	37.0699181159259
243	0.987589437740208	9.67229518501222	250.334440382522	0.473200081168144	0.892363723542386	75.9132425813484
148	0.972048741126541	4.17671184336738	300.534666811736	0.408093026032297	0.964072991971538	36.9426622717097
51	0.907414078369198	1.64233538732393	199.775683033554	0.501937609834467	0.80335139376742	14.4145241418764
51	0.878896220232718	1.31505506426409	277.747407492906	0.436000205969246	0.922052490447831	12.4911707335053
55	0.988528839120937	2.91831078562214	187.320355679123	0.547282051282051	0.626114328944996	22.7209166435263
318	0.966180061966025	8.98562132305842	267.973907679918	0.451296904936611	0.941638473047081	69.9358972862655
48	0.953357661142374	2.03698516434501	259.312103418814	0.446561376311694	0.870002215280624	15.8874987994831
93	0.800187539059991	1.62562931772799	506.997347627596	0.345333525356745	1.18601710098334	15.4340086604527
36	0.968144754738659	1.75761619587654	153.308380232268	0.588379705400982	0.56136391466663	14.5368186156099
36	0.863408761685403	1.28169154400279	181.306524012243	0.522918318794607	0.598223061296585	12.1488298985378
35	0.956543442539353	1.73309146935779	183.476519539069	0.574935177182368	0.568247948388274	14.4226151538323
567	0.963225492949203	16.8916773780692	246.627752897472	0.44187758590883	0.872070114027713	127.494836929334
201	0.990750353846108	8.2708256702329	249.399894450486	0.52038091194584	0.802777767428345	59.3765598892331
53	0.938841164847446	1.75692890096172	291.894626635124	0.407812371408376	0.791759920872034	15.1221305926453
51	0.99313745753147	3.04786373799287	181.215621675827	0.637815619495009	0.462455269467353	24.431688473877
270	0.99430341290416	9.23460654897417	288.452475390269	0.405801191360758	0.924159108300358	77.5008486654722
98	0.868066701143665	2.07524535724502	510.546034864689	0.366928711746285	1.18597189831237	17.5821587299434
827	0.960724103935192	17.8345249601011	318.799896314737	0.403561769310094	1.02468487674889	135.69414505509
33	0.980166691828037	1.98827817940095	185.560633063264	0.687859128822984	0.481080822814824	15.7478304017274
259	0.995529357258065	9.93109056883025	217.538259710625	0.448642908632172	0.84007598776255	78.0585395680141
79	0.99032578927573	3.93787802700999	281.429707731384	0.534151602991031	0.694415334462324	30.6009232239421
239	0.98642940249167	8.78118188197782	252.865899362353	0.456490592078827	0.876117164623095	64.9549277182053
64	0.892518611269049	2.04570169851563	207.896403378006	0.432621002260471	0.808919294382666	17.5397056857241
485	0.979892326439001	17.9402029772928	241.990577693181	0.461284575636863	0.864494655442954	145.351003603215
162	0.983573024736512	5.43741406844311	249.375212628124	0.443873843155022	0.916408758506672	44.8422930807462
74	0.90298030124891	1.75152799428567	326.600593338225	0.366375536988804	1.04224069581049	15.7091466328489
72	0.644485098137079	1.7470449093032	275.34857283087	0.404862903750026	0.954102526061293	13.7642965485978
48	0.972377989303861	2.02423934017491	201.816067709113	0.416514090043502	0.811284803414729	17.1040287925163
719	0.986682373922901	19.1943315345004	224.714503000612	0.472056798676377	0.83003680585883	150.46809992384
45	0.851581414712148	1.51465638041162	162.088711520915	0.518009996567871	0.716045977127178	12.8289134900247
86	0.996079331920704	4.69877106962801	198.492741963257	0.522878837900297	0.589022646585074	37.7003731326375
42	0.836259869632676	1.39745694949175	153.831740332877	0.497612732095491	0.654795589305186	11.8419295051299
47	0.871249061922874	1.81221182040359	199.891242403286	0.451221241314121	0.788973666367307	14.4008112275009
53	0.954258225620994	2.31444616556101	229.541044530213	0.555029585798817	0.659973000618638	20.2524507350524
61	0.959692451806969	2.26733313846805	213.236690636118	0.426545323604147	0.763210740066896	19.1497223188251
56	0.990055212512443	2.89559419743108	182.99248137642	0.491208791208791	0.63083017458176	24.5013933278962
85	0.892374138107538	2.51917060668595	282.590971987307	0.479802743741363	0.930879567774971	19.411210206005
39	0.81692781155172	1.36458966590803	234.29679215435	0.499711667811215	0.736333861690108	11.7754415634805
34	0.933870640241527	1.28352198965133	228.851247779738	0.453015435550305	0.839737843594146	11.3717588167094
34	0.992914768088353	2.35382706376925	158.634691540431	0.674074074074074	0.36736010842588	19.4463874106373
214	0.997668875663215	9.19069117754654	229.5962225619	0.440438679550362	0.840198850699916	71.940024854363
43	0.890401912825334	1.24491763577624	238.120016333035	0.336936368126519	0.882302183578778	11.696055659535
33	0.785265220081081	0.67420899075466	314.628592154049	0.351550480962246	0.923067903999293	8.31768658220914
35	0.929879031075603	1.29045574719193	315.762146265992	0.385538461538461	0.698483169850878	11.402747309449
145	0.961206789231503	5.41103244603534	190.148355453607	0.564320717261894	0.707620291422179	51.5579763085579
39	0.954953592121516	1.52445789719795	189.738274053667	0.475104895104895	0.687739930153851	13.4760395184563
37	0.83275515121922	0.891114332810826	221.833863364413	0.37500883853825	0.941009249155413	9.48352659352452
48	0.80816671867553	1.05676204468321	332.752774077642	0.376427289463855	1.05460229465576	10.7578615035178
134	0.438956356312055	0.572940085733665	1066.13005935603	0.268007391546774	1.40908518712146	13.8973843055356
61	0.992812863801159	3.39850467378345	212.024187882424	0.594685314685315	0.566565277579211	26.9867852654886
35	0.694833746251791	1.04414080966375	198.369703739658	0.481366179527944	0.796888939194082	9.18320015349252
209	0.993939473697553	9.32953041915668	237.379086149654	0.456950013063695	0.847050111010847	76.673992326295
36	0.890407905393794	1.09216285494588	258.688774751731	0.424156573546141	0.871106524187105	10.4392597234829
50	0.864115940748532	1.14296185391985	312.818885749161	0.382901817034944	0.969937204048751	11.6919250292414
39	0.932298854691975	1.50431336532229	204.199801650454	0.468739813445696	0.836013137952177	12.6447875800704
130	0.985851249624132	5.66781748931893	224.831432828519	0.440540445246328	0.823062616546165	44.6408824351669
57	0.924028234719578	1.50051006957175	356.720222258438	0.362539236068648	1.03846837042703	14.0795785289576
190	0.984858274266709	6.33809530542569	324.026252444382	0.396482576808153	0.987484762526048	48.564222334236
55	0.914686199429347	1.48923194365372	346.011283946076	0.43100333688569	0.989550221617404	13.6804709096239
36	0.846670673828083	1.17397013423097	200.45271181571	0.460969433633793	0.783362351796418	10.2609408516558
60	0.876718405146439	1.56733582081413	334.542382543267	0.40192830401559	1.00007402736125	13.966807433187
63	0.97754173026041	2.93471927191391	209.748381872823	0.506429379198712	0.776222548697713	21.9706392439992
37	0.860118747102944	1.11610724695463	234.064056559889	0.479712985705289	0.802807568022776	10.3273330672018
80	0.978285387052498	3.05655057922005	251.238609665195	0.463431917192766	0.881010268617791	24.2380007490404
103	0.992428210752692	4.5126945725823	226.350416840107	0.426317559521894	0.811235087281667	35.8673794677316
82	0.996450094754907	4.62766015684837	164.915394388315	0.563435667471542	0.519905177993175	36.002001566659
38	0.921257541729879	1.20666560612671	223.430230358839	0.417689696545022	0.835676586105337	11.3499577724439
45	0.990804158601108	2.72740455169389	164.805310554456	0.623931623931624	0.444963485402787	21.0487418428859
41	0.956091424172649	1.70199907426909	248.672953281759	0.489819908438834	0.759590440790979	14.3301582923715
56	0.995788580128544	3.72477916045421	182.165363093419	0.641958041958042	0.42357775251897	28.2020525604778
36	0.883083283159876	1.25081233139904	250.202198213222	0.459708751563955	0.831912258983775	10.8281096580491
38	0.706400544133772	0.871408251162152	180.210981215226	0.607990051787373	0.529220810612339	9.56129615413413
55	0.64366869727623	1.4552844148786	203.452550629206	0.494554412201471	0.837541032130418	12.3897168714837
45	0.993333883732149	2.81370509452036	208.840993078043	0.596638655462185	0.433461934162385	22.7824684547821
78	0.980302454851517	3.52739467817814	196.128247168575	0.569302659956866	0.547134826673514	28.3782142421389
130	0.952669647878536	3.56646273154926	250.672299095032	0.41700333521344	0.936444014657082	30.4439313613061
72	0.677492622090401	0.710458695441111	530.243758550621	0.333326408443317	1.14372020731133	11.323484515572
34	0.97773453332987	1.83086393931574	174.65623159735	0.525641025641025	0.581765829146363	14.9596899390074
44	0.623061056937441	1.13191925047647	277.876507185924	0.431825701319545	0.91797388454241	9.90967679452129
110	0.987917894115714	4.85428775371392	223.888354841077	0.474863806982176	0.829540947183809	37.1912726580352
84	0.976692537231866	3.19208434664668	214.204245281751	0.448193577652214	0.829087038655035	28.3114235582135
64	0.963624349658319	2.3044206745177	258.837063722691	0.433961045725752	0.860335006002991	19.1941465527061
74	0.965129471368017	2.94392701762661	273.231906065716	0.460057229174876	0.91398296332409	23.771107075389
54	0.821811677096439	1.06282034444842	322.660483320319	0.354555603472012	1.0332453149346	11.3741660144169
1056	0.996753352745044	27.7727048236011	320.359011652973	0.394696291522054	1.01951977172251	230.607425738805
73	0.82910905869217	1.09387101242235	508.684456368412	0.332789030155508	1.13607107242031	13.1872917222748
38	0.93667058969833	1.26235950553377	218.058845970651	0.422587746117158	0.878119230072608	11.8343865052877
885	0.887675925236702	14.5914284094724	323.4076983809	0.416346170886434	1.01077618680486	130.663038383392
256	0.749696318938246	4.79694598509892	268.609224234511	0.462608006517224	0.922543630022923	51.878009493693
459	0.835522417213581	6.76933768910477	231.000769082091	0.452791705732882	0.883618017073028	66.7491076150371
43	0.975274167428851	2.19557207117693	190.517473769813	0.614314381270903	0.583268839008949	17.4188347234661
255	0.973272725351665	9.32379700845107	228.377760384198	0.470517802870744	0.860659269109028	63.5269850377893
69	0.931068847316824	2.79479584067677	245.703398981679	0.501892030576082	0.843966254101359	21.8188154820643
108	0.98810990798542	4.78054173398597	216.254941324698	0.470759647057225	0.80730454001101	41.242225829012
243	0.997919576365212	9.23069858360563	255.96222850857	0.370708695917684	0.932211991478466	72.7859437299
45	0.986546507310212	2.35959567721824	167.569099983761	0.503750794659885	0.584237882024553	19.3507288281928
538	0.968726947530823	13.4514432877093	240.518875546302	0.484047041485612	0.847020058892312	111.551562383329
36	0.79273656427695	0.798805306441643	307.909854245115	0.399796251064465	0.972268765548959	8.85030506638224
32	0.931640508951146	1.1629201357382	223.332616688234	0.460061312011081	0.828044800088698	10.7541001899821
131	0.976335534958493	4.89968743199178	245.450295521625	0.431089578962882	0.856114102073384	39.2136728064715
70	0.907206207204767	1.92356141286142	305.114408603046	0.403298660651602	0.967279212418475	16.6651043090742
112	0.993357280696866	4.66674717820342	256.530527475063	0.43089829932567	0.876663979783211	38.434918180089
42	0.978454569468705	2.02893153571003	185.846417707988	0.446421404682274	0.639847757110193	16.5360698049517
147	0.99374878121585	6.21586966661494	229.516410034291	0.457436128215438	0.865477611124463	49.7436771774203
193	0.923172141580209	4.61149977964885	250.823550431036	0.481923772216339	0.901531698917884	44.0601286166311
35	0.615334862045264	0.726000365905565	250.112137502099	0.401561566838551	0.92901281525594	8.05385302779513
46	0.977606252624983	2.18637644825281	218.6348544935	0.480528846153846	0.694584248431971	17.1895728129436
77	0.90688888218169	1.78834234608147	373.628174726296	0.3588103137439	1.07191592112312	16.1796530646745
48	0.974599585302475	2.19693398261869	214.277612580006	0.453391866713666	0.759361083788075	17.7025272672652
140	0.841824870629541	4.617105822323	236.960194256696	0.504344844266024	0.827317204810008	36.4838540417386
265	0.99286000461395	8.77201983576188	275.476742117905	0.396319144803574	0.915851913066268	71.4197416595519
71	0.944604849073101	2.28618032059312	282.838319455212	0.408447833468546	0.946139687360768	18.2851872901142
63	0.978834100115665	2.66806519536258	239.436930564519	0.436113290739682	0.868577808439644	21.3950439864583
960	0.999457916547435	32.781321195158	324.136450920322	0.38695453560042	1.069635882742	251.656508379954
180	0.92016205406704	5.62968916002678	227.095086091714	0.478894079496825	0.782147661374112	48.7510454830458
2082	0.996776436849745	50.304067019513	297.638901267727	0.408921851222441	1.01859374270979	412.391087883046
38	0.966001039309979	1.74166787559197	193.551651553108	0.493479853479854	0.667725558913284	14.1173283297519
37	0.887481384381202	1.46753797057414	256.367414496703	0.516923669864846	0.736724859678987	12.1080864191564
141	0.995818032633319	6.18435624382884	238.64239067113	0.456565414201295	0.887742701902321	51.2248111887373
34	0.744177663660576	0.562301932248222	313.742418527264	0.351626097828268	1.00066957507061	8.08198951841451
41	0.988044681568593	2.29762283479435	160.987480297107	0.585454545454545	0.434827654090487	18.5491165098322
271	0.999163369620722	12.4622502593028	207.472177501021	0.447961998041489	0.764057223097656	100.996885789568
351	0.997978202617839	16.6442790920718	221.319492341312	0.458383056844069	0.808054706112614	132.053166875201
34	0.861446796337851	1.0394794878276	268.505278644678	0.48264644735233	0.842467567409499	10.0966918518421
85	0.996155449855778	4.63274404871297	191.400084038852	0.525227125276976	0.68853735350429	38.4368964502821
86	0.896164767336146	2.29814861877725	291.627098118585	0.454910589586717	0.948811816002848	19.0194672434721
102	0.996750163324393	5.30088700491561	180.048732601944	0.502766038245914	0.684986641043438	43.7006827592335
65	0.974694720639623	2.99675132242495	234.299774081368	0.501007936827851	0.762790661330597	22.6317226102287
35	0.865948715681217	1.21081332341331	227.158875155768	0.478685897435898	0.651620922696289	10.8096702855445
44	0.986982179806142	2.51550315833555	189.959660528674	0.557501908211848	0.60540150227205	20.2486116922029
75	0.930924140951833	1.82185946998247	382.229620738959	0.347582354514256	1.03866926373494	16.5682217240749
99	0.99060743048782	4.17832517447773	201.883995944957	0.42753076282488	0.827213427008953	34.1511976985698
47	0.990654788207456	2.62405131737243	220.707840168574	0.613647642679901	0.512587060739376	21.4007771884381
176	0.995935231086541	6.97031653923871	249.110278707559	0.43826790973905	0.71591952588927	55.843239409894
83	0.950824613059727	3.23116282802712	202.164552132842	0.516676412524163	0.679114932291401	26.9121291884789
32	0.840662031563586	0.80391524971744	249.132144981625	0.434926171499062	0.880764603254952	8.93370861133023
34	0.980177188257322	1.98784699857304	197.541354383494	0.556957649092481	0.601880995007763	15.9027248583625
59	0.423333433676064	0.846083301285765	432.592467150185	0.374998191886237	1.06445686949679	9.74720101398881
34	0.949611439262508	1.4142104603227	169.128621942974	0.416346153846154	0.678000856707984	11.9404779766669
78	0.801084209723607	2.13365126217415	271.479772397093	0.453672948567999	0.916118613428152	17.8968990733413
267	0.998207381389975	11.4929772234723	237.380592653347	0.416916699616086	0.873999315343032	88.8997575088635
38	0.98941803736556	2.36024149652399	189.364136774545	0.674331983805668	0.470666755864427	18.9229875713859
34	0.68742088758014	0.600148187066108	316.937496270131	0.355116589154282	0.981282716990445	7.88939993791489
350	0.998766753842844	17.7461960934683	193.862930129412	0.513499846056748	0.720659100832098	145.871545702105
37	0.88015140111429	1.05718444781528	293.287101761312	0.403085180743033	0.868337340991685	10.4704828107363
98	0.987579241606504	4.09828407068683	220.793254041445	0.427727646510608	0.852991256524164	32.2481926460348
331	0.992874247286775	10.3653288511538	302.049385723362	0.396471157697022	1.00799391852903	88.155958333668
49	0.988585905418162	2.63860737039134	164.119391554529	0.53575846517023	0.64954971586389	21.0595439267204
83	0.991736609907722	4.16423598996573	221.338651308931	0.488439239277787	0.834776228998652	31.3399695554177
74	0.984922810989797	3.1390916789568	213.718507152499	0.433817205291822	0.849523518150034	24.719967044057
99	0.994663430083208	4.82592977502072	251.207051441992	0.463464333758451	0.738610613717549	41.2352257253331
89	0.990370695582161	4.04157308527495	238.066772625967	0.439266234560352	0.862811961077895	30.8331516439883
39	0.730474568781676	0.579624974785635	326.430047228572	0.34463087521911	1.02248988468638	8.61664718526326
95	0.954516128785858	2.71765841177173	401.561411291216	0.384919986361358	1.02549765897512	21.8988903022174
117	0.972628753011032	3.84347678881219	292.991579284011	0.387757374929011	1.00577733174257	31.4478798542082
41	0.461130084150004	0.516301311643548	339.410186759244	0.367431133056133	1.02696543679665	7.81405029194063
5858	0.860278700276472	28.035177397749	328.623512393114	0.398333533449594	1.05260627256253	300.37870482994
41	0.965516767563464	1.98822041866415	189.92503608436	0.480638618317474	0.707152817708277	15.966833430824
36	0.943870580305109	1.54391881247367	183.637165917894	0.443903632138926	0.779270488551439	12.7751825616137
482	0.996609407072364	13.6947125713007	312.129841301131	0.414863402129838	1.04377178974648	109.403715633384
31	0.914270190820079	1.21943712444289	167.001188173864	0.488144796380091	0.673589317765636	10.7632590641682
92	0.985486641635916	3.63487705501203	215.352950584256	0.420283994401641	0.754169248760949	29.9642000818269
40	0.986195268730912	2.21310121760221	192.176526187243	0.52510885341074	0.532333762950626	17.9842113218433
45	0.987030102288219	2.4115352705421	148.21742976841	0.535410044500954	0.579003909349134	19.2684005624903
59	0.988440454664659	3.16492594224185	208.576206889441	0.510769230769231	0.625155631477099	24.589002954458
32	0.936068905510326	1.22681363915314	217.98678307846	0.432517494870436	0.772516309224062	11.0104144760618
125	0.986563326316067	4.40200665877653	358.868673647458	0.371992123252627	1.0386316293727	36.1177185876786
178	0.979073381369701	6.02023194288639	292.233295073445	0.447236378338222	0.94696423968211	49.897849057119
2135	0.885684535319299	33.1228301081501	239.89890929499	0.441382813774292	0.908511897131701	242.728438850704
102	0.985930110514102	3.69296158799081	289.113173659342	0.357462927598674	0.895659789214371	29.8708795777941
35	0.944406711780555	1.34274221332905	207.59619606965	0.450920631038278	0.790947720693579	11.9504124081861
300	0.997644076957764	11.9239486474345	263.394830849076	0.441467053761361	0.922276774578953	95.2386291187063
50	0.773136165680816	1.29247593224466	270.072231058519	0.453752282474392	0.876479627670565	11.6968716759782
481	0.98515865843256	13.3066408295654	256.883871979036	0.435494077105681	0.922342911043574	123.256610068997
39	0.745698461310385	0.692549152348748	294.458463927067	0.37188787069146	0.98919676146236	8.84141148250315
142	0.996825738058964	7.7040362947643	193.98418985977	0.533602625862688	0.659029635344635	59.8577385120225
732	0.998153642072007	23.5494953756719	356.902584896534	0.359506485055874	1.08697702554972	171.549434447867
146	0.986420273790452	5.68900536290619	228.081914256446	0.48436391352944	0.86450366400892	45.953177080426
111	0.965874304951584	3.75006232271133	214.157701142985	0.448949313511724	0.806612490462804	32.7634512744461
59	0.904538657301849	1.75475865929238	276.91677652646	0.453806232508058	0.887376804248991	15.0062944855016
51	0.962314616215783	2.15514825913231	213.644770943788	0.447991442753731	0.837853810950337	17.2380953775929
39	0.926156750037251	1.63792487989325	166.302418658669	0.614815281210156	0.559355768160079	13.3954394307212
34	0.952759214735635	1.75379406361022	153.511963410909	0.569230769230769	0.545360061201136	14.8100341744769
353	0.997059214685918	12.7228301882879	360.318143294745	0.380863573296921	1.04942340815991	105.00878446694
41	0.818198405562372	1.06609448450164	268.912350794308	0.384575614130851	0.932619055910622	10.3019330659274
121	0.997925314785595	6.57664880411346	183.557109984171	0.538189244383935	0.597538282567017	52.7941654480528
41	0.975200712294255	2.06980279513007	167.001188173864	0.549090909090909	0.640037231766587	17.1105652278188
45	0.875242161436902	1.38451780479523	234.853505976565	0.439626344060733	0.880229908449738	12.4785010392964
67	0.454539521877905	1.78528170515961	200.411147419551	0.509832919626242	0.728741425692584	13.1794747092738
48	0.895331451332765	1.51708529786182	254.259487038912	0.380883614367777	0.954775577679979	12.950467872789
136	0.97591175768108	5.14500808650132	229.116796349751	0.480251981029449	0.875936003714992	45.377972524865
50	0.896129042594815	1.34130980758788	267.042139450083	0.401435135054145	0.962393285872873	12.7688434505814
149	0.960273623007411	4.8593521786862	267.386142343485	0.493363784507059	0.921404733651054	37.4202578272395
86	0.965827405869697	2.67394936158609	303.76273637681	0.36194739711031	0.967293762094572	22.7454992109431
46	0.814057280856902	0.962323707079522	306.668896870336	0.379060986931741	0.993581655487858	10.4541971480969
78	0.95026728109771	2.9968796560928	224.146067326876	0.467575883575884	0.839096350571446	24.0184425179775
163	0.990621751390347	5.86099248639685	325.149189237098	0.397176525787192	1.03685470621833	42.580161490118
243	0.995709604032649	9.13642970410188	264.291337490884	0.444028640305836	0.897902916442361	78.9937452972267
76	0.994992982198895	4.09521919880456	195.278566444553	0.519396393080604	0.604913108090805	32.9530104237221
131	0.622644173867709	3.52550046798371	217.265815700011	0.474280999551588	0.799842014936079	28.1875837976817
45	0.642626954260269	0.493303402978086	409.076545055244	0.35505187170473	1.06492453760336	8.68195969126838
254	0.990295839827958	10.1510860736469	238.502133081579	0.491255500356499	0.847680036970072	77.0996690005529
72	0.97520154644087	2.78616127297247	215.057337237353	0.406818303904615	0.837008665391188	22.3324981843095
167	0.888946477786397	4.53540962774496	259.629430753468	0.437522638993227	0.927752131742813	39.9118208744872
41	0.989355140939289	2.40051339962091	218.869443947554	0.641984184040259	0.500288731903783	19.8364654137805
41	0.736020104901816	1.03892767326187	269.050587338047	0.422220167413855	0.897129992977904	9.57555063633354
379	0.998978742360935	15.4897907703188	254.025766774495	0.401501769060314	0.91648353738594	128.088738570651
32	0.731434260762132	0.997653760963294	181.42887618071	0.483981900452489	0.629444381727444	9.0498827617357
115	0.993508960899019	5.0725185832797	243.001110544012	0.487285067873303	0.655968393870908	39.6091863223799
80	0.986520068658739	3.48213159846011	235.684230913278	0.544655344655345	0.669768792195573	30.0042145267764
49	0.942886648808005	1.63525532980785	273.700208535424	0.409321816044505	0.902185290519365	14.3323925441215
456	0.996120398553601	14.9438496434051	271.785527111109	0.412430757664023	0.994182291119505	121.575340709853
797	0.959683445155252	17.4334879740753	296.057153159913	0.402605295714197	0.971182341628116	144.007533097499
32	0.531656860983016	0.537758824370472	292.148679295324	0.393691438622603	0.918669994351962	7.17549048707991
44	0.974856878014797	2.0584229568391	189.787009288653	0.508953341740227	0.680891201014949	17.2730664486366
95	0.994090543572545	5.12813091561792	202.516088224422	0.576686593433998	0.675583522991358	39.6068209663887
35	0.689734361580233	1.11713981939436	244.831829501327	0.469975186104218	0.672781487281978	9.44557874059884
100	0.969034323228264	3.28443223093976	260.614316060577	0.401790242850614	0.916417563576029	26.442676109023
159	0.996745171076797	6.70996972969621	246.355187835359	0.403901814047967	0.869232967229679	52.6812784308327
121	0.991115348752166	5.4213932628045	218.786664469962	0.507240319624221	0.743720778934071	41.7634051184206
158	0.980144132110766	5.1315395472163	389.384903427088	0.366655316003678	1.11227119665682	40.9746079111686
33	0.981727226171814	1.83991402533013	184.853870597276	0.726413345690454	0.448710416991211	15.2620953499178
782	0.941298951252463	16.2982792278494	266.577719138629	0.392687240311628	0.910524587202044	125.705780541043
83	0.992342667053426	3.95632792227563	194.834892338022	0.470635494763112	0.71107921440641	31.5239781414344
119	0.981386140933572	4.45496531837404	287.26399524625	0.406971044198637	0.94722833125026	38.6835646734098
34	0.837480620972595	0.941764659625831	235.358375756942	0.476826528838913	0.772721423362145	9.52981072531055
32	0.702807029128617	0.489623046937955	271.186947248595	0.358631170763524	0.92828877819623	7.60997908779815
56	0.86673485007436	1.67065162031667	193.547688998724	0.605794205794206	0.648195640258904	16.5483807630349
72	0.967602291021053	3.37053968451968	177.767969175433	0.517030275853805	0.756810324535142	27.8128281825748
182	0.995608969673587	7.27351262297531	259.946275574007	0.40761074120741	0.869151410251015	56.2368246586503
43	0.918969238714086	1.43726784124584	311.298829458111	0.451092758208508	0.868343903097781	12.591220467176
172	0.967610119829469	5.64720084674558	426.963003332333	0.410832505536201	1.12270972750296	39.4581774053274
73	0.957929516152175	2.65014208663298	231.441318059182	0.448659839725323	0.860840659406405	22.4248107483702
84	0.990860603122503	3.84667671327498	219.537835108359	0.47302021405437	0.828504875405738	30.7583869892677
33	0.839824824885245	0.720604547602394	276.345120604952	0.423115607989557	0.924430573499303	8.87062782123769
31	0.894096575388027	1.21586196094423	219.785419770645	0.462366407599673	0.726509783542057	10.2065387475264
32	0.966914842291589	1.79877994885049	241.321949984727	0.551923076923077	0.568783104042541	15.1260799178519
172	0.991192597922166	7.14179518305787	304.378307302176	0.448028776971739	0.985221532237545	56.0042281151752
41	0.851339811657895	1.08538331884291	230.161223902052	0.41636255823107	0.817122060380526	10.6422517282128
117	0.948457152433009	3.55048479062221	258.964913084326	0.420307777321352	0.939746099196704	30.4520231021161
113	0.965364989603712	4.37909235165748	224.209418235484	0.523995446891374	0.693199009457583	36.814239207825
59	0.889359420248767	1.6742359851733	271.444559959793	0.414258958740122	0.948392206398906	14.394939137311
41	0.782742382408638	0.728990124911419	358.128016759863	0.346121234356528	0.992797055193215	9.28289660150802
33	0.923224818039513	1.19715909326241	200.672124618403	0.431025391177194	0.822143761073267	11.0350960775045
31	0.974336800870388	1.65861603619162	188.156721887774	0.585384615384615	0.504703777081931	13.6058032822912
399	0.995195321944043	15.8051916653847	279.510467818507	0.425630225802532	0.951196010125691	115.567113656908
181	0.916869953936449	6.00355383457513	212.591269813942	0.49557767351885	0.807973731213801	49.3112877367022
47	0.924794410010219	1.44565627360961	265.886508212539	0.395624622136635	0.932121419174669	12.9761112258494
63	0.913026522924373	2.06729074961009	303.460536095847	0.448262463270413	0.974763008054835	16.4231916910053
40	0.851103176077652	1.31000605751243	241.145020458669	0.43201641556665	0.765939989306189	11.5112015972945
129	0.996587195687082	6.35152623808692	202.957427454702	0.493203962865088	0.748831369299171	52.3092804293399
95	0.836864698544151	1.98790807649245	360.765526554129	0.382707756989563	1.04822388888971	17.496171787091
52	0.947447007336805	1.88050167904329	244.935804524333	0.41478203831145	0.838010004007834	16.010091949866
72	0.986178375550633	3.08569129574696	198.220211010019	0.406277380890384	0.820766152456757	25.9941824688543
76	0.972286714406715	2.54636070232104	256.897921797481	0.404804221618158	0.935218981236757	21.0189589889747
31	0.924158512610453	1.07974777287126	203.391791458823	0.419577640165875	0.80333251494683	10.1979975232185
62	0.846924598919805	1.12360301785838	384.243474865032	0.360498345955041	1.08016250968559	12.4553924111721
97	0.973297682964989	3.495759639869	387.413855340802	0.373471444294974	1.03361380875971	27.9789922249026
39	0.994465620797105	2.90959203567393	168.555766714487	0.747826086956522	0.39262491914486	23.4880985537595
59	0.956561407020942	2.07316704074017	239.692691003188	0.421570159074409	0.895034074543513	17.2710363072975
50	0.97663505837955	2.25667882996534	195.791771451398	0.479738255877444	0.757363236925348	18.2793944994326
199	0.995917165611162	9.64298992449882	197.687071087263	0.489674682062225	0.771261762416436	74.5380650414517
38	0.755888537028438	1.0157007886466	204.326270773163	0.505302464525765	0.589672525379472	10.6488980064366
43	0.64533382016544	1.05003486868632	222.946677594605	0.367269169622111	0.850384730931658	9.57745327446038
45	0.752861916141151	0.711632478542079	399.413809016465	0.352237247356146	1.03439007599086	9.47141152862618
51	0.857247692820264	1.3589396920508	245.213640354314	0.403657317152127	0.921725533494602	12.7536325803404
231	0.997498623664833	9.6376541657435	209.627757347087	0.466224067651147	0.761597339648851	79.3724480053798
39	0.964492002299013	1.69723338784233	190.366944621372	0.460683760683761	0.645543036476242	14.3180997909358
97	0.98699736294877	3.79840400086391	241.860853841967	0.419730977887436	0.826344289906503	31.2835333944896
44	0.898512694565458	1.90887506844245	192.916576867859	0.489935805887949	0.735165815131293	14.9427060729046
97	0.577115409415381	0.695332166473296	697.47497603248	0.294534381357911	1.32103518490028	12.4963192459335
170	0.981196101070914	5.82728060697264	290.414853477486	0.420963519908289	0.986372213518169	48.1813980146915
68	0.980037285050932	2.67197462390831	300.269901205063	0.439014859949116	0.720745567586692	21.533441414533
76	0.937680401056081	2.48201994606685	229.937943667299	0.464530212963418	0.798466403017402	23.0449529847718
782	0.736968216186952	7.95707919687644	275.403238400958	0.415611811916207	0.99911172071915	77.5111818333958
53	0.908853078383484	1.81306070814835	271.235247820998	0.415174767816207	0.900547763090542	14.6732637521293
36	0.799658012389384	0.667148752857704	309.695395778969	0.369961866432455	0.873540048855903	8.71960478746595
53	0.950432540622535	1.78610336236864	278.104414170347	0.389320867012321	0.878486208192354	15.4169000656515
98	0.961176952113756	3.19942016423531	218.074887781323	0.484541922550972	0.843997057473302	28.1147213234982
84	0.9731809636253	2.90381246967937	276.754262327359	0.401319914537908	0.892165330440329	23.0769154427176
42	0.94446161390309	1.57408106653986	232.320930737105	0.407756948933419	0.678225047337891	13.8052143141793
119	0.995432036026612	5.2987577036715	232.663758015791	0.471230350337856	0.815432135184496	44.7748327045261
155	0.995323078512797	7.05853819075763	228.219802759807	0.470542295197027	0.841924648225508	55.0649206369207
70	0.855891714663941	2.1585534412243	241.717838206139	0.46405735782382	0.807338960059719	17.9632028604534
34	0.970285144740572	1.70001550736331	157.276799319064	0.469732441471572	0.625021075639682	14.4132085549173
45	0.79278468860197	0.842655048880134	276.951674944881	0.375775182715513	1.00307107392178	10.0161319917763
74	0.992281435152766	3.6198100719807	215.241034255095	0.479766678818812	0.620298822344964	28.7911482553813
192	0.897098115241246	4.7073150931375	221.941190373407	0.443360535500407	0.887373880813784	43.8323774563806
50	0.977447839958073	2.19675569465241	213.5896077694	0.448216785705811	0.813863072795555	17.6072335255364
38	0.819898422052615	0.829821730558974	260.776367944151	0.388417778392203	0.974593755454946	9.31829747799059
271	0.988099769938049	10.098673985775	255.968537331669	0.424745571710566	0.889357665167444	84.7660938296725
128	0.976638616054068	4.79608348577391	281.6397835777	0.441558969341775	0.964320997257396	38.1083242745376
94	0.987436289493981	3.87901144125354	281.209927577	0.429119568825451	0.890928616871203	33.0243239001187
95	0.587715492607551	2.89206097231528	229.31657711122	0.528179945350057	0.743882273433707	23.2249877081586
59	0.918025492290335	1.46426072066973	350.187855598523	0.378522123158801	1.04614138541966	14.0072529575304
180	0.996833052333856	7.17973551685999	236.68317202195	0.416643560500597	0.918099205320839	57.8144854787001
33	0.844311881006661	0.749169578245162	258.879409773027	0.384529778647426	0.926260920835595	8.90047785178053
55	0.960984407619534	2.31613137137485	274.11982765712	0.500581089926262	0.87679506758578	18.1128031847375
37	0.735505269139683	0.497852050951055	384.924832167747	0.353551796927756	1.02852961588298	8.29994251475188
32	0.983119184466141	1.8860916481939	180.972582320484	0.629268292682927	0.436414450795335	15.1104329316157
37	0.931420262252118	1.28156155060848	223.108675172302	0.462039867922221	0.823668634610273	11.7852229852436
34	0.700136572641536	0.755606790685274	284.296659222728	0.402802638096756	0.948886037730282	8.07677660154807
57	0.973016359244028	2.65982372090246	197.142702607943	0.483409470527862	0.81214203264887	21.9100524238
118	0.991373202502871	5.59951270008133	190.022525100761	0.495144657680526	0.674457760835678	43.4420092311344
88	0.977571473785702	3.32069368151536	308.242645743741	0.418233843862534	0.990345826554106	28.2312770027393
77	0.914558944635049	2.32521975442633	360.057880124681	0.405561043117604	1.00033855360174	18.1566217868392
31	0.89758316810257	0.997772615800785	204.743419759922	0.432207577795813	0.79935556356528	9.80607235652277
81	0.981172097870473	3.54409465503003	280.282435099221	0.452890801651753	0.925549267420216	28.7064936470733
31	0.960578726964348	1.52422105984891	149.8828268185	0.513696060037523	0.584656904450144	13.1882065136682
108	0.988335011248724	4.39865557479637	269.851188932306	0.452968421769613	0.989352229449204	34.0862035455913
89	0.973164464309487	2.9964487751266	264.400179383613	0.370005747381313	0.986553959464048	24.9587662327547
31	0.963275255195972	1.52965430428111	186.214795979281	0.51436515291937	0.547687590249648	12.6252158721685
47	0.86499790964619	1.2950344183499	274.247397793279	0.390604065604066	0.921224529033864	11.7237553018004
34	0.952434912890811	1.44414222460814	183.281968578565	0.496534234995773	0.682689156897372	12.4881137637275
39	0.963923832067659	1.73618582931638	219.42452009791	0.491023376317494	0.760513159752685	14.1742074364163
33	0.96165624121878	1.46766135517538	181.354091522072	0.546853146853147	0.701915204913987	12.8137986335585
44	0.878162375566522	1.40785159314739	172.623442033687	0.369226197483482	0.970421868690934	13.1651829534445
39	0.92423018414687	1.36613562197115	245.784643775101	0.341581206287089	1.00749511429033	12.2052585239659
37	0.93024579723144	1.35667595931928	294.709166192066	0.363128910607902	0.999526744671966	11.9974531915206
