s.area	m.eccentricity	s.radius.sd	h.sva.s2	h.idm.s1	h.sen.s1	m.majoraxis
51	0.966941903727562	1.91477015636672	184.96185989023	0.423473300289909	0.886848343274357	16.1991108513271
32	0.917828989297946	1.21718936959625	204.036685199232	0.376189229037874	0.8930891151059	10.8160089542324
79	0.973234656632252	2.70722890336281	234.300436012272	0.347773548849589	0.994871958271513	21.867270732819
191	0.987879212221897	6.02867526927609	272.22427015177	0.38891434242347	1.04895567492933	47.3453409990813
278	0.968604315421783	5.49540341252161	404.077930296343	0.317015348254103	1.21341162589849	45.6278094326739
11941	0.914249731486326	44.6904950142237	391.4733945482	0.350977407134148	1.23431897389815	343.463588137348
129	0.950700556140446	4.01898569076276	226.155856856414	0.422985938690453	0.994023790124785	30.2664385509775
346	0.97875202217972	7.27631768627481	346.450986237843	0.370669795811909	1.1769397302392	59.2729014791249
302	0.993410118539637	9.29025182400133	289.55762354022	0.395071937273309	1.0992124138556	76.3035595979323
48	0.943520748651805	1.51641735691642	220.692377126245	0.373423542320601	0.973743325418207	13.950273839508
389	0.975849136842513	8.44560624321449	293.153759773279	0.365720044025926	1.07887088156479	64.9781996256186
95	0.967063129211575	3.07858805373034	215.859098848273	0.440341284692614	0.908610548190188	25.0287649101686
818	0.973173552291448	14.0739838482812	340.821596604364	0.351567715324831	1.18589775374498	106.897324439099
265	0.969591751800017	5.25161491797733	401.418150722159	0.341347737549683	1.23599008231709	43.58299744144
44021	0.96198119212594	112.545776513213	445.667405265848	0.341956780177145	1.28404536179634	787.90831673698
32	0.932061450006531	1.22954232257046	157.012969595318	0.429877826710406	0.819490343271236	10.9032110802947
1413	0.989983909702298	23.4173757592418	332.06820968945	0.360716198075947	1.18348631389526	178.709167858398
718	0.992180238030317	16.190540865488	250.530837583937	0.390898925433122	1.05382003589113	130.907112863911
24569	0.984082770613768	92.5821372889244	423.094107293088	0.345732297081697	1.26553071874528	728.420175999791
46	0.464590752535227	0.836089642525092	363.185874220178	0.369057164969574	1.14989456714271	8.82781175860698
4376	0.983478976631682	36.8688610848851	376.099807489374	0.35318348458289	1.22399081346615	259.224268020784
182	0.944470792768157	3.82698101678859	450.850773987002	0.341833431235553	1.26678459917984	31.3244188502357
3909	0.959632046918303	22.7211842412721	333.044617240594	0.370252690625689	1.17389415581834	219.826499152799
211	0.975234969251004	5.0772123786703	369.790490101713	0.343691151078987	1.17120492749713	40.0288199639327
92	0.96116118348484	2.83209023729762	324.67177666648	0.372282188863071	1.0619544059743	22.6820695708697
116	0.89628742890251	2.16580720657697	336.828037454754	0.341627649211073	1.12659787597683	19.5631080709185
105	0.768014188396432	1.87128668553115	203.803547672649	0.380501991269255	0.961073839218332	19.751416266009
5132	0.977199231489599	40.0500623500685	381.659022086285	0.354938261914519	1.22680039953755	308.681085036652
145	0.917427372728179	3.07121540407004	404.560537669141	0.355694220593255	1.21935332778466	26.2668915776942
360	0.987732698383322	8.78360659137145	365.445627002417	0.356602888735729	1.21033585417874	63.2082929763441
4821	0.940077048858905	28.197652849104	525.974693439438	0.32712389938931	1.34501156584216	236.204831127573
525	0.992887352165407	12.2949005688617	305.907331272889	0.355866834103138	1.11645427013181	99.7013367142648
873	0.899261878550787	9.68773616203895	427.543659047877	0.333763996067228	1.25693402722102	75.7598719948369
62	0.752734957552398	1.34828049078513	398.448774070232	0.361984632855221	1.20541500571868	12.6762263463184
122	0.494368431987807	0.521289294194229	317.340361766789	0.351120414598302	1.11407794607647	14.1637600536083
130	0.940334350728045	3.22265233227681	437.338701435599	0.325696595505994	1.29400928562733	24.958041446435
51	0.982337372758144	2.50131310667699	164.013362958367	0.451462621885157	0.692557872918775	21.0268459165396
45	0.816496580924788	0.749889279383907	264.052411502585	0.353259348188926	1.01835932541105	9.95991967842449
59	0.544341927558507	1.34365447596513	330.509953396337	0.438738004973299	1.01230947881629	11.0597073119476
723	0.995728188185717	17.2562474183411	297.605461393263	0.373978938214232	1.11403394385795	146.450494358106
48	0.86507839580682	1.07328925411003	251.497467841783	0.340197431820961	0.998118722951626	11.2787827901805
560	0.991443451237563	13.2859932620047	330.452420477888	0.351987461717041	1.1618661353661	106.895075846965
62	0.930946548319623	1.75702832801685	209.613261452496	0.388996626717215	0.961328318031747	15.4621172908948
103	0.807288818345115	1.95976945797976	301.761878022845	0.346988674303089	1.06390893859335	16.6653069294384
156	0.982454942169502	5.10571637180872	336.561272126777	0.381186633489154	1.09809154073281	40.4159680354632
49	0.963440327156847	1.99449189510754	133.91609255158	0.466482249249441	0.734160445589056	17.4705689574155
72	0.960609856044046	2.6203542759176	306.915856174886	0.432851614255789	1.01691160178143	19.7269614363763
31	0.735325794093511	0.606154513381505	188.634232416824	0.388411663680206	0.922467178291503	7.76587121845858
91	0.955803180568341	2.69438385894991	239.281553065655	0.385432597889345	1.03147286748172	22.0983378887218
53	0.814918266428721	1.13806619070546	259.467085773701	0.407243090187875	0.994860297539726	11.7651325829276
39	0.685114295824012	0.490994369059532	320.71185921281	0.370101302079912	0.978943151227081	8.27686618420462
163	0.991904019693013	5.82276676293065	231.803670400892	0.416094312175795	0.992642844514874	47.0656548832589
79	0.961389478811286	2.41366984347438	238.200181625196	0.41902174632165	0.950862837770286	20.5023390945963
584	0.933058602491421	7.14243434939267	291.304814702576	0.390552189441531	1.10928590732705	64.7559943189293
38	0.937877726210127	1.27558522814878	176.785565746372	0.392230603260015	0.861820458711984	11.885503951256
1486	0.993467399850392	31.8457879852627	323.151863353151	0.36118190495351	1.15549255080629	254.118146474646
69	0.981524764018274	2.87438779383094	174.526310174167	0.417487826731524	0.885500387095934	22.7829470317797
1034	0.986523425079473	17.2153325472542	327.174176890029	0.379872035262312	1.16239094424606	128.983008252676
783	0.990907815655848	12.3736238865868	424.44391238232	0.341886094424737	1.26509885923855	103.824064270038
155	0.993518468962107	5.80067369499701	223.324922547366	0.406598789237513	0.995788089288711	44.264342613138
186	0.875350740014045	3.31359005791126	333.726068363372	0.384382074382074	1.13003700367321	27.7160081961952
308	0.99484741027933	8.90770901862208	249.764849387297	0.387326566222819	1.03808314527028	74.5011959785856
63	0.603162395276255	1.52776710290372	189.990509254186	0.408663119066568	0.914759095935303	12.3062699068276
284	0.979199566461288	7.2700926394548	274.518237835303	0.379714599433764	1.10300511642373	56.2670356677288
56	0.82245358962312	1.23802634316198	327.653287116504	0.352871629667295	1.19515060521673	12.2086805674435
33	0.962705971463359	1.46948156862413	128.393049055926	0.473044754374678	0.717505792835707	12.5365266288193
152	0.682945649755177	3.03250796017197	239.831490035974	0.39423873928692	1.03086666070902	26.0184641246989
336	0.983324744397407	8.25509432365411	261.577353013134	0.377550792233841	1.0848029067763	72.9304415121353
54	0.857474716358718	1.40299051761631	272.712284837402	0.3615078588608	1.04103283419689	12.4573472469415
135	0.954712204793783	3.60060491105781	229.104502736065	0.387941708122703	1.02347731563464	30.2482434706345
164	0.936874889961319	3.54347329227457	306.195121827661	0.364638449668726	1.12099756229117	29.4635805473538
14648	0.938847924717936	44.9462085761646	342.365186613863	0.361641464759695	1.19098134853491	365.565670142397
45	0.907395195371689	1.56427447396832	148.952887297818	0.448672152072887	0.824538939309504	13.6483457744728
45	0.977780495764583	2.20251772682344	159.067657362225	0.526302729528536	0.633596968978742	17.9616361964601
84880	0.781212531550776	89.7047268660567	354.151472104075	0.365785852130522	1.20099037274734	736.012999851883
181	0.954874869759984	4.11215682459563	367.881830507903	0.355065693454742	1.16894793488884	31.6013949583689
32	0.925898651840476	1.13975921412474	193.711512095854	0.445919740037387	0.834849088605898	10.6634790210653
223	0.958847774200669	5.00068288609542	310.892132718729	0.360212524667684	1.16282102522491	40.2868210749236
172	0.956617014570942	4.08328359221295	221.548461515591	0.41258617242646	0.96362470892258	34.6864734336672
46	0.970822798911061	1.93136484682736	146.228388042106	0.434911235530431	0.765217526027786	15.9879685548434
65	0.929352584260447	1.80229908372685	267.174556280851	0.376500682210025	1.02327413382647	16.0026935346573
61	0.914938159875003	1.5429625489948	255.184408124741	0.39438653990976	0.995985507417147	14.5490204521274
51	0.447484007990735	0.615942940113947	277.994654701104	0.36471469961666	1.072998465374	8.8118642676265
51	0.965924644704943	1.94061736333879	188.938622404356	0.415993833795691	0.85628709130994	16.4617929411619
501	0.936690328789731	8.69664772579874	280.564531149732	0.382837781493244	1.10569525589574	67.2678855886755
134	0.948643434754787	3.26638663027016	423.994678420911	0.33950791818893	1.21824818689671	25.7981250135152
74	0.960732412922257	2.5376793343259	222.179267781093	0.418282331607027	0.9522922083769	20.3763167058981
675	0.995320777929736	17.6695381808601	292.036662338429	0.368467096244142	1.12799184619748	138.327138594055
59	0.934923618698506	1.72279231973571	226.091741283814	0.41287059715399	0.987761611247297	15.177560081308
33	0.952386898987282	1.47949822320689	134.701625284998	0.505663567202029	0.682254875467367	12.687139185643
644	0.991879090454083	13.5030649404902	267.248826180425	0.385429295442975	1.05526171229439	117.365131292349
47	0.897179666049102	1.24864582730104	216.446153647484	0.403826561111629	0.950677777407713	12.067700375913
61	0.994602359576358	3.73167671372305	139.202954965989	0.623171889838556	0.522846639991571	28.3982716019287
32	0.519783336699403	0.44835722264289	221.613052645738	0.351598130936366	0.963350089208869	7.02786071687158
67	0.824158604179922	1.27554937812303	311.114503557629	0.358298614713446	1.07981643786014	13.1375219631202
70	0.707311078237334	0.835463114240821	360.699810906838	0.345641751145768	1.13623648369933	11.5275485026282
31	0.859102418640656	0.889429153368383	192.075738220782	0.474017094017094	0.718664150684252	9.00920741320606
3590	0.983199016588808	40.3372604643366	285.425952578218	0.384132538291588	1.11994200228923	304.97951697068
212	0.963670292814864	6.18652809762601	168.688814000191	0.435871577566807	0.782501779455032	57.3963725566157
81	0.909632853297254	2.11003264111377	236.083176632802	0.385088274859901	1.01886773951225	18.4858992213184
137	0.842751186550544	2.22427907448406	297.652171711381	0.344618105864697	1.11336260351239	20.2107145808021
52	0.855092765610008	1.21932779436767	307.100655176692	0.377132708999717	0.974705000348723	11.847679463308
3506	0.992253331526241	39.5063541101683	346.493650521671	0.36105751933389	1.18333218889605	308.350630258602
56	0.985044988193714	2.71589426912355	177.066018804491	0.490029481372434	0.79750178001908	21.5188188411617
284	0.987075065522357	7.1868873326504	345.069889292178	0.359474192012365	1.17000781176098	54.2028851624019
93	0.941949151028178	2.241226042676	276.95241403296	0.33564042426011	1.01400461207302	20.0193408719899
111	0.991904756224256	4.46075759268331	205.111015939789	0.413386527751853	0.930054246388841	35.1699676080501
168	0.98989617910518	5.54630542684297	203.29556216254	0.409573514929552	0.983264249435235	44.8503547063288
39	0.974784277362256	2.05627804348961	116.631970513527	0.526067509231809	0.742014185862011	16.9489073439941
163	0.991478413466526	6.02132585684846	244.502011225838	0.414629691100279	1.00618051000582	49.8010665414335
64	0.917754647380116	2.17647603365139	151.230491619011	0.504391038872677	0.78074700453815	18.859416603492
860	0.95393466785977	10.3272162279729	358.654432366323	0.350828617837979	1.20752084786054	91.2017099041572
171	0.95775538791675	4.09903678519973	219.109101021987	0.402136156651727	0.998999341876009	33.4569947763507
43	0.896080313244886	1.17156221765833	254.472538029623	0.383062511171109	0.877998694695822	11.4405907182931
129	0.883462130254827	2.92599597424332	361.734774873173	0.363857556328145	1.17147987184049	22.353285795011
86	0.985973619367466	3.34235630231253	191.002695475957	0.415829858715541	0.896427193303938	26.4052561358923
39	0.689873716457822	0.830160559737502	209.946651599092	0.410098763141359	0.879181349900501	8.87354338529488
50	0.94219681066144	1.79074774964071	160.803661549957	0.450503978779841	0.721752470256403	15.8523017637689
35	0.870009471330124	0.962320697290406	196.330700106678	0.444988132709435	0.896848226388992	9.61247057115653
70	0.943687063128208	3.10828940827608	168.761657623976	0.492790295952061	0.763179751382968	24.0657134086957
81	0.979199484298969	3.08106026904126	183.018492249891	0.434232979934337	0.913260195336365	24.2226593672093
45	0.96629118932513	1.93343153456749	178.285975007673	0.426860142425753	0.827798980350931	15.6242701030205
31	0.56796807431707	1.0272247068929	148.547581657298	0.505790341084459	0.798263115564568	8.2468304790121
62	0.974065280734872	2.31652894992222	196.259182455373	0.417970748258608	0.89998877498453	19.1484717812958
145	0.98243469944135	5.01038289340515	251.976773431495	0.411736924931495	1.01221283055125	39.4613450907486
98	0.968720486164396	3.1371159744122	205.151691602595	0.398974123741723	0.961817454048474	26.5609453166515
441	0.994822031633005	13.2719177031207	255.074933868242	0.382446149035688	1.06552432036619	107.419009344154
268	0.980310265690659	6.58792407708032	298.230220042517	0.397575645719197	1.09917815379417	53.3149744362378
225	0.965187055533801	4.72914588164547	382.59311759022	0.349568469568469	1.19293776593256	38.2582103557238
49	0.971206217741029	2.30608129960339	138.752851754533	0.552508824954645	0.714732605895877	19.3503499085271
840	0.995144989964217	19.1625623433017	357.264587367494	0.358718622298527	1.19793631482195	158.842178024764
61	0.957383365429525	2.04866137212832	196.128010666132	0.42575462640461	0.881861793953161	17.5157073404744
31	0.95203643003093	1.35784662190165	125.926754518343	0.545339366515837	0.568628122123228	12.1068677585743
221	0.983950613824104	6.31931982556957	227.715750866398	0.392672693577671	1.02787911815564	50.7486580332712
41	0.924957593030114	1.36017942481474	204.831555163993	0.39393512791777	0.923188635457807	12.0641323334966
38	0.955895172603402	1.79347182937584	175.107891626214	0.553275651216828	0.796769030135509	14.2867077837304
64	0.849019192491021	1.66444444602742	218.07361892237	0.39563371074867	0.925582829173849	14.242906395809
731	0.994800503169002	16.4726439913302	450.843840232125	0.336927338867679	1.25241620922312	125.734149003682
48	0.782749443107086	1.46753960109584	133.102336311814	0.5453125	0.604416025257636	12.3559414817671
236	0.842815413306894	3.72533958596165	387.969577984	0.34526328891843	1.23599363590854	29.6229984250733
35	0.943458060502514	1.27291135077761	178.97535871985	0.404968052143358	0.806622561304056	11.843790433555
50	0.915133625616085	1.34112943660852	232.498824296943	0.380209530797766	0.989544501903454	12.8286168410936
415	0.996907957855767	13.2317535961979	271.646544209539	0.38173236913915	1.08964721605825	101.245387127421
45	0.83846605621674	1.31067636250945	154.930571525008	0.430409552981373	0.771819385676013	11.7617291093887
91	0.966761157506154	2.69495721262579	210.926676035279	0.408331766802355	0.898589541328208	23.0657059739375
41	0.993384128037967	2.82277358964309	111.372069199306	0.694819466248038	0.459249522066133	23.6096883517368
73	0.946871964896959	2.29797475054838	191.577037097821	0.409238499973794	0.965602800687452	19.3391073598357
40	0.474515562926801	0.346944995920607	144.108628736257	0.604208998548621	0.557396072265191	8.97706933424103
93	0.967018786450573	3.3361035836674	256.670932794562	0.382837294307882	1.09558350274451	26.9105060920701
44	0.673589566994489	0.869314074702761	219.667982810121	0.407440863323216	0.942533010739459	9.40877654618402
101	0.959375760043319	3.5715156889786	190.222084824908	0.424620115471509	0.903440795496764	27.6770080758377
73	0.815302728810295	2.04075300777715	308.951957031531	0.407933450192274	1.00234023701181	15.3770094223832
78	0.991902279992773	3.7444512267639	149.73948121647	0.495179095546743	0.743010328616822	30.8974571520881
36	0.484083542009226	0.468843581813053	220.75824213554	0.370193774662204	0.994511779352096	7.38263890257812
56	0.979266243093145	2.62859147771616	127.409571118595	0.515481986368062	0.669736230894156	21.7077921197823
66	0.766245824521806	1.29771170836067	270.595441946845	0.380806909042203	1.04846998259938	12.5517782677392
73	0.906417588818295	2.06806181276602	265.469524038978	0.327527264158541	1.11143151861312	17.0792749569478
80	0.970270038311724	2.84605708868686	189.381490482584	0.427311736239072	0.925869136895883	23.3657327433357
838	0.995117972705264	20.8636048516988	357.285195953756	0.359651727044516	1.2011113577784	162.308273474205
38	0.974025531995105	1.96682560626683	131.787373061317	0.522021116138763	0.635798127653181	16.5674453183345
120	0.987922640218219	4.78211594655695	193.000150682209	0.432559660015084	0.881680291552607	38.6241109816919
224	0.986569060802763	6.70266421727545	268.537752527262	0.392324386065106	1.06405098215756	52.9038322434407
3157	0.958257248239219	26.8480587196221	490.632629435786	0.339013038212551	1.31373695350389	192.688071720755
34	0.973982587625728	1.79108388118292	119.739405976044	0.57008547008547	0.606181085520774	15.1162167606445
63	0.857044407447324	1.229405035436	286.3297562841	0.382892734698009	1.06136680345167	12.871953251578
106	0.992331123959485	4.43348691592827	176.450859329631	0.449539910782352	0.856729744954529	37.0707973822018
751	0.99204891247367	13.2797238397907	431.738850047967	0.347780064745575	1.25335471748363	106.772290902317
545	0.994648779540911	16.3862777092656	232.269649796599	0.420605257525448	1.01271294476845	126.518971198325
67	0.719907070563774	1.17102042746072	312.080730022975	0.362019915843445	1.07044270972625	11.9387519746694
46	0.730270858088329	0.564178774867034	344.75745093112	0.34843798642118	1.07521489666358	9.2464600124813
76	0.997184087367792	4.91010871310119	108.038285687864	0.641237113402062	0.399776671159432	39.1602502342738
34	0.84772401170973	0.959765671874486	181.922154544106	0.385417338358515	0.808727093611367	9.45085959309274
647	0.996231909145626	15.3935826485465	296.108452219552	0.364694666092349	1.11909065502749	122.055730025737
63	0.959619745581502	2.20394279856331	185.221873138914	0.393313285660035	0.896747620384488	18.6773026259041
129	0.98770563229343	4.5536995172548	220.156752497917	0.406538873783456	0.998885201823879	36.6390441468534
51	0.83037419032419	1.2887256481752	212.933106868695	0.420770677518082	0.843876314640754	12.0244242166579
36	0.876851235666158	1.16058297797602	201.811241248601	0.417201484463928	0.885638382420691	10.4673270668273
45	0.990783950311212	2.82200462807503	112.035050740657	0.597725752508361	0.585450168750046	23.8427704100083
1031	0.994810246829896	27.1220842276577	245.9287898567	0.398475813940762	1.04494598061515	180.224211773722
32	0.824694449314468	0.678583986587552	199.442741346622	0.383445793078146	0.911345172476843	8.42507459614198
34	0.938253074298595	1.55162300774712	150.718122246657	0.511705685618729	0.701653393668603	12.7525143135849
51	0.947991617511594	1.76669538605698	185.036518965591	0.440212516612984	0.890632338253147	15.1551836539605
284	0.995144407774377	9.58238309337853	247.571377018775	0.41707708098953	1.00390408790552	73.4896727399006
42	0.585866162863821	1.16676295029216	164.836127224404	0.499676793794441	0.686817103385293	9.66486427244391
143	0.983578537906051	4.67683049805361	277.771502668428	0.387130278306749	1.05662710092418	37.3289590649487
31	0.815608362584662	0.715352221033479	208.770153651402	0.394210725070454	0.941895395256786	8.35621126310316
1766	0.997281016283788	31.8689333927581	351.214669369689	0.361721835527681	1.19223828824023	244.359738968504
49	0.948821695957275	1.69681433064357	180.175074360956	0.403336789960481	0.871394236815552	15.056529480671
54	0.913624438619386	1.39125952268779	285.35156438988	0.355567812156047	0.998328351519025	13.2800054429945
35	0.991218878712312	2.28109314407676	100	0.830588235294118	0.25077416291873	19.210861237606
37	0.956761817110246	1.50582353487367	141.490975345372	0.480769230769231	0.678796647486459	13.0844874897567
33	0.909924672586619	1.16006679392188	155.82123061087	0.458336412144462	0.813027424869375	10.4155886363444
47	0.972173223990608	2.31527104115103	165.67470967222	0.517471675611211	0.65341935357919	18.5646457906171
182	0.964812417825683	5.51930684863136	224.705664708334	0.409144450952501	1.0110913469699	40.7946825445887
75	0.92320833546342	2.35061029810061	203.351001923907	0.48449536077075	0.899329436382255	19.5592270204129
31	0.941219934821603	1.40555206034013	172.459686011519	0.494531974050046	0.648184861042041	11.9288703303374
58	0.968422462882136	2.21368879207523	175.671355763594	0.417830073575628	0.883109351632675	18.223839318997
109	0.975282685735101	3.74399530503561	182.241289540624	0.401785642803131	0.859650170565857	32.5188870689111
78	0.883460380840681	1.62815620631931	287.471161439751	0.400616024920186	1.04032382791421	15.4370348775442
214	0.968217173135152	6.18734003464302	194.329418486468	0.445879478744754	0.917969762082693	57.9371539157286
278	0.957146863278017	5.60921008536389	278.447659936062	0.385278543155923	1.10159111375721	47.8937966607102
32	0.874622363547996	0.876801012828306	192.514488762733	0.377612348075427	0.851166945120642	9.23695939149224
204	0.927568761931996	3.49132832014381	400.893884500872	0.322617617585032	1.2487820308159	29.4311064966875
37	0.992768376733925	2.43660387264264	124.818358030744	0.634782608695652	0.385991137515056	20.1428684099209
32	0.783338204489891	0.628363219026593	197.824408456991	0.370046767891969	0.964757313874314	8.17860126612242
38	0.93583326099369	1.25143065121319	187.751937657346	0.455427495491088	0.890234811456448	11.7672288357817
108	0.966986971872243	3.36352557758581	267.81376819128	0.388404060168766	1.06127732400382	25.823306279462
32	0.772980500532711	0.544752139575829	234.658437880687	0.364013238351474	0.956745265802012	8.00720716072045
40	0.718351695402696	0.524946358475936	252.110758122419	0.366004158004158	1.02614713302418	8.61743692785005
59	0.943794151990812	1.95370592682415	216.962784427403	0.408713518948813	0.954172709934824	16.3589423532521
58	0.833724071475041	1.54123932023047	214.372469844677	0.409702142424441	0.949141221689828	13.6267871129534
57	0.706586493810961	1.3167397406566	219.331386464488	0.486644872441142	0.898555596755813	12.109835149305
56	0.992016755511804	3.20511547304912	137.964460127579	0.555384615384615	0.557833040584367	25.0328146750113
60	0.97765591863882	2.81231752284048	135.865584985298	0.539997375148021	0.627321799061731	23.5719764385124
305	0.955638353384297	6.49348938834031	389.608173311771	0.372822999674907	1.17970698137032	54.7557824002824
266	0.993262103995448	8.9703509669492	223.834839527774	0.394686875609761	1.01653865818294	68.5754695894704
109	0.987451881469109	4.30003342350015	176.284066537644	0.462492886677917	0.84853950118963	34.8880937058473
32	0.968376378815235	1.77098081435626	138.050983170022	0.6275	0.600750480671941	14.0703083258055
31	0.861344214906636	0.738486675158846	188.68014924129	0.407814867789292	0.88712382765575	8.80025520366648
57	0.962335866153873	2.37127879586486	213.217987949335	0.457137519497678	0.84208632520763	19.4331680380195
146	0.987844896340263	6.98507517441032	139.437203732008	0.511705597981998	0.731594553154375	56.4341887243319
77	0.924330647344878	2.69074014892532	196.094644245406	0.506865959313777	0.869227552682969	21.5502902356251
59	0.897297496447717	1.47473259868513	234.069470187933	0.380549154308745	0.990551685155933	13.7228421711589
34	0.95429333319253	1.41879648403626	137.35089292898	0.510669975186104	0.673832190805518	12.4610851472093
103	0.68114007891698	2.24180357427483	265.341609555892	0.410197876651972	1.00160609156322	17.1199007603561
52	0.943813701436333	1.67619286684172	170.174619700613	0.372489032715277	0.900374883063293	14.7917651275638
225	0.972890150923588	4.91086457920723	447.149393861026	0.331140583554377	1.26546295961339	37.1860849050045
324	0.995689133781981	11.1989628704192	206.505319754433	0.41013262792105	0.981809768188042	89.6208507535906
78	0.957384286207422	2.49680967713691	199.367752463135	0.435543320197828	0.853318210100654	22.4452288765147
94	0.844303530327908	2.13822192651293	301.798395597823	0.401600885493209	1.06252506235503	17.5983002314583
44	0.872597316017853	1.00319409431545	229.306823029538	0.351216791718522	0.919892762555805	10.7502927845814
82	0.877635999519509	1.98637646115717	264.34445084327	0.398011298863226	1.03026666855786	16.8316484156935
2020	0.992549582841621	28.7403753816031	321.31299996218	0.386156190173591	1.14876061793161	233.077371571084
177	0.988894080490725	5.9499864210552	226.467504309792	0.399552613480507	1.00593412601367	44.8923910922531
61	0.963229301933769	2.1992575755281	223.786384301964	0.436849219221447	0.811791280793307	18.3106074880708
49	0.90412717941821	1.34965064681231	213.990816820334	0.426341592271004	0.97955747607402	12.5827526596707
39	0.962872067869509	1.70829493540984	147.199607642639	0.483048433048433	0.676732247402826	14.309589717608
45	0.85029861980144	1.01156448012277	237.010449646664	0.382624362976445	0.959056984484796	10.8270991040572
41	0.976361480942718	2.09606283474314	131.926913397843	0.529090909090909	0.647606321209161	17.2375555343947
63	0.98489903693987	2.89186240837612	152.698381733827	0.490585869166432	0.777911006860312	22.5987785056639
42	0.947496680464908	1.61955696114739	216.493163562033	0.414123581336696	0.712233010154754	13.7016023058683
71	0.980052027614859	2.80426457621597	194.893624029602	0.399392396711138	0.894062771858523	22.3194427719791
178	0.993832916195549	6.33016220791683	186.922583512599	0.390387352552058	0.861811866531379	49.9230698395844
2034	0.973919430112165	21.2246345006695	367.304254887726	0.364576357180202	1.21503333240059	176.612337976478
1836	0.889285671529838	16.8413691440458	284.851846061505	0.380060699712086	1.12646254744644	134.750279206687
259	0.98533177209602	8.28643432757661	209.183853572891	0.428647915499301	0.954786297542202	63.3907832133248
83	0.996932739341534	5.18740569072707	129.325362817704	0.579460151901731	0.644539064500235	41.6668082454243
38	0.949352063512337	1.52276956034096	151.111307180692	0.507671963416878	0.752673967896976	13.07845673613
542	0.997386008637656	14.6112234016061	295.765165660765	0.374560393108495	1.12522755945208	112.274394273119
117	0.95866345114952	3.78941867442204	452.343181025023	0.386869078731824	1.22376559523957	28.5487622952151
52	0.985146222846288	2.42447419374561	145.680751582775	0.518926962432687	0.65759034575578	19.9686051386167
70	0.904524938390467	2.40091441249623	234.426874301142	0.50735667388872	0.927780247766564	19.1346001903791
39	0.918469568021027	1.18877948964749	179.035983433194	0.410437334836312	0.881842336439631	11.5211595148402
341	0.978490985287987	9.07151738981083	291.85690573554	0.397063396565408	1.10616625781954	64.8919657563296
313	0.995469645943085	10.5129252587277	225.349701481486	0.392517643105878	1.03624829956005	88.2478368836763
473	0.934968033748623	7.19435900296018	268.007588670901	0.384734924802018	1.1236147078111	59.5632930688238
43	0.933434942183007	1.38623672744567	195.768953699442	0.362140585964115	0.932721025785808	12.7337878865658
35	0.990723057080202	2.37121537972638	108.845811476272	0.704761904761905	0.359278567066983	19.3274083869013
705	0.981556309011549	10.6073757090736	383.779628316456	0.35092095575057	1.22181004208069	90.7568108630608
125	0.959244978340926	3.53394161735628	372.233882895999	0.387150633995012	1.14307943959532	26.9462502926965
42	0.962012715353308	1.71213328728722	151.639019967762	0.459340659340659	0.660443168287349	14.5932202255844
167	0.977206647639134	4.54422717450868	334.594124738251	0.349096073129687	1.16861890352612	36.7572878847324
46	0.978283312755402	2.20683513325651	123.58208306952	0.476568047337278	0.656790841307697	17.5924351055203
140	0.962546522209957	4.02785344173334	228.71377655495	0.383061224312789	1.01027563070875	31.0937962656982
47	0.817514253078841	0.830342568806638	273.268185545524	0.347630278722716	0.985118751032988	10.3007803399503
53	0.93752231429996	1.66496080617069	212.903117972263	0.43542515632481	0.931243031635265	14.9468436974527
51	0.983311602950782	2.50410344746227	138.129216578467	0.551263335204941	0.619457161060919	21.5804870516528
43	0.962377744435263	2.00435371631447	118.407099075068	0.608574787542601	0.656308791145512	17.4141630310416
32	0.983676130386504	2.04094358193903	117.208183739363	0.722869022869023	0.540073472908171	16.6927789941083
36	0.758392816558794	0.985971538570237	208.209864715328	0.412812806137883	1.00923271140642	9.44101657164178
51	0.865598876673527	1.05527122115043	374.245863264554	0.335801959656778	1.13838907988296	11.5048120559358
