s.area	m.eccentricity	s.radius.sd	h.sva.s2	h.idm.s1	h.sen.s1	m.majoraxis
49	0.977345426718608	2.30494623301094	270.440140773632	0.51054738723266	0.660456308081116	18.7650266337455
767	0.969864834976127	22.0542374149179	345.979580672647	0.435884740176552	0.902427039379037	177.496222212942
42	0.983910278531136	2.41968159934774	239.587668420097	0.567252519654031	0.481975278033854	20.0029230581255
34	0.978508767455605	1.83164448344151	234.277960105861	0.604494382022472	0.440772879759325	15.0981557399834
21123	0.93556929032294	102.848193303945	538.613610727509	0.366437322107453	1.13685220412983	1173.09723471469
31	0.877060616289596	0.86609329506776	386.247962417643	0.431803948745125	0.885532561498803	9.20527273933152
35	0.947169462280091	1.32515010494335	294.5244467291	0.456050874403816	0.699813120482521	11.872433792116
294	0.986699546735788	10.1466424909669	387.431148509243	0.393006324733699	0.976877266382044	80.1724133145251
357	0.990683227280105	12.0267242006177	328.115196805414	0.479903047852078	0.875806641856195	96.4380099914022
194	0.99310118748338	6.65818118485537	418.724470115934	0.375422904402327	1.02646948198959	52.9680274166071
94	0.884421539135123	2.56019749461057	355.147420851304	0.417012549529732	0.869947426263054	23.2808343612201
126	0.995139088402764	6.3739401482962	312.636682001054	0.508310369095245	0.803305845056182	47.3883825987429
1107	0.927174548552898	14.7641858007922	460.259831025716	0.37901414944585	1.08268471920133	137.771174607299
316	0.982609985234236	10.3640677233231	356.930430667116	0.420989871359945	0.898624866717731	75.1016308962292
31	0.594504526532178	0.485744179365397	434.197056081946	0.37790398177336	0.910499992217493	7.12886159614199
93	0.942816703904794	3.24755171478429	348.641710015253	0.531564022202773	0.814657152509261	26.1407806967514
77	0.996305712431193	4.66788693382421	216.806804784904	0.590147783251232	0.383261566612677	36.7679008790389
187	0.97833977182769	7.15689026683557	305.991402251397	0.428000644809776	0.859943242287659	58.6818564453396
58	0.965748357337349	2.10490630710319	374.745389992767	0.454468083311897	0.807487981985246	17.3692137151151
36	0.885860116892418	1.06597986475806	285.518864730388	0.387541078173708	0.854962387615157	10.2222760436759
54	0.926162446616604	1.80475059580222	449.004813453129	0.440972246062384	0.959305604662595	14.9344797926716
38	0.970204634437664	1.96353392380062	261.762463419197	0.590386627896622	0.686767281348826	15.7004624878855
83	0.884530622963941	2.00462436067097	453.481950142865	0.339207717263671	1.06917874712923	17.4632734473056
63	0.952414262170626	1.97522961740414	435.468530923507	0.374280921130686	0.965215199740211	16.5315464818117
58	0.792487177774729	1.22421343607704	527.045229172122	0.366328793456042	1.02027877625758	12.0546810668002
52	0.691088910869216	0.861436214236281	537.583638217162	0.342304911085399	1.09694815138406	10.0355985796741
32	0.949195773914832	1.30426965280095	288.16045316975	0.475192626866835	0.739867763257674	11.4862891426464
53	0.742110759808611	0.799207690013006	525.55519696793	0.388745341294075	0.942475916755289	10.3287115989341
307	0.486892920494285	7.78302096057275	298.896086147069	0.447220841620354	0.798752803231111	55.0250553057625
283	0.994933841820445	10.0585093049106	371.011865324412	0.412932224659269	0.951256565926158	79.6861786389714
292	0.963771513951821	9.71955756411401	278.942630228952	0.510576929202609	0.7489377411763	86.8958065656392
123	0.986400372592604	4.59875880499521	326.370246619333	0.396545194009694	0.855597890641405	38.7489546327299
67	0.99209171917962	3.52952029812933	263.463744771778	0.475340335513913	0.645249019442682	27.8046783240413
54	0.906796944719464	1.45894621600591	455.0355786869	0.342168141557511	0.950038350384488	13.6137485447599
80	0.984936702756643	3.12782760857015	367.663509943283	0.38030841543885	0.797288521933672	25.6977151516949
38	0.783169735570012	0.842006860875095	390.752474576947	0.40753888153571	0.970122963524309	9.25876595922166
69	0.978464239078785	2.72960350616076	243.363013554998	0.459635587870882	0.810756891546825	23.8279578113073
109	0.807860768323099	3.09495342707874	371.856085799645	0.444312101971982	0.916678171463039	23.9632433640386
42	0.875950790733922	1.43981447917211	285.338459000191	0.538840816428055	0.800589685341073	12.2155824494753
544	0.995288803346119	19.8474684180712	314.586883869933	0.447319195447602	0.873625807928237	155.698692538182
31	0.785877583900848	0.658789689158577	414.020955815891	0.389209499370438	0.854382818255212	8.07497381114805
46	0.984285245030549	2.29605959424996	233.958125694836	0.522842156654106	0.576364454779893	18.8819274298049
58	0.978474671935618	2.61794726482895	299.276449326975	0.477072794719854	0.680445741609632	20.6652917576877
67	0.98573402158907	3.26899640747116	235.43234962679	0.493112741555648	0.64684212153406	26.7675370606658
81	0.955735941454194	2.85937568464145	282.510733933575	0.477174243271865	0.796139677004606	24.5416426717643
32	0.871217106720326	1.00386465575692	347.485106913142	0.441805799376957	0.864936843006309	9.48348180169921
40	0.959927246505282	1.7568671375876	289.692233291915	0.47915016620899	0.644096454314024	14.9653010170164
70	0.971643087247232	2.63752851366587	402.683535826579	0.469172371982913	0.855309833688248	21.6245676022259
192	0.995246959410806	7.54432918540434	337.893542166078	0.387731720909771	0.87953180671062	60.2450411942826
48	0.9183848043428	1.60024541420004	385.915588967021	0.404118660994634	0.900272880205319	13.7804028441267
75	0.977613108480593	3.07337391857927	318.408188776868	0.44992013361163	0.880952717920912	24.7147415655854
61	0.982239568727576	2.83482089594828	261.424506818376	0.468170548454524	0.787886731073326	23.0219561782168
276	0.996959281487279	10.1016536751198	358.804570572129	0.39137747244981	0.949543924675226	82.1744475068532
38	0.328920129452471	0.298706316229292	433.91217580695	0.361846910968327	1.05900912622601	7.1878063756622
33	0.970892214153876	1.73321929050726	234.277960105861	0.579321309138753	0.595458496388159	14.3443577993684
39	0.777995847224756	0.855936662407555	412.657280339127	0.407808216747253	0.96775086737126	9.18766893188723
233	0.995354884222464	9.20031538956847	355.737612545682	0.426860324725583	0.909904712941757	68.4214640231783
73	0.958888328524459	2.97430584421775	358.40905401053	0.459403249695066	0.848095912861465	23.3581237674216
70	0.992731108381959	3.76125096005124	231.539911181775	0.506769069417668	0.66895950697273	31.1495541009048
63	0.962452256642788	2.2467118216636	331.492915631698	0.389819944259573	0.874887745833721	19.1176920114546
35	0.939167834254589	1.41263490610665	264.15839397327	0.487516772222655	0.764246812253104	12.0264763833391
37	0.963358260132178	1.80931090881182	297.990001866446	0.511384594344746	0.747657728824331	14.9437307783381
33	0.917784097590125	1.08534639218398	326.700880425196	0.395959194488606	0.709613030514687	10.3299821861165
351	0.994604568580054	12.9063436448212	391.606214135849	0.451236302142441	0.913957315559144	102.29797439184
53	0.979107844089788	2.55878010411589	196	0.50876170287935	0.610990237870926	22.6886531023848
101	0.978708390057764	4.23541875159775	254.801155039067	0.484738539132048	0.711002698859752	33.9781492936988
32	0.948949741891568	1.32083645706596	256.438579398452	0.476558911853029	0.671967800469705	11.535090769531
37	0.982913898074076	2.02963222503702	229.362175769901	0.538904823562192	0.567899834599094	16.5288827833274
50	0.784192320148596	1.25800096314567	287.766790610929	0.527895017396589	0.667323826570527	13.5281666158893
83	0.943013983013056	2.70773810475312	306.828937326578	0.401192505570354	0.935246075486188	21.4667727207311
35	0.944509703705696	1.33953019932972	359.420242732739	0.411288345358934	0.793863092186227	11.8683130870074
56	0.964690458024166	3.0089901556312	210.89276713858	0.657261181466438	0.598380171048062	24.2962773421896
156	0.976019880643112	5.62278322523311	371.442458138611	0.418870841756837	0.915138185771247	43.7673140103402
143	0.938606131062458	3.65412316490311	460.654276897437	0.355844969589589	1.08014437853908	30.070513834716
70	0.993327737085766	3.67152534786465	234.404005876712	0.486418939512508	0.611854203026212	29.1979080346708
92	0.964098872699061	3.40489142457787	333.586459038097	0.460314309417057	0.884508089979146	27.8569661586764
127	0.988184654310153	5.05385074050305	335.419048797101	0.394562457384637	0.852811771046973	39.5638565366484
129	0.995726419548938	5.9288048282379	281.434464556862	0.399222286076236	0.619147800105632	46.4484334684825
69	0.901630709169254	1.63687897043207	625.771859109594	0.338455220377746	1.0966329917332	14.9622371460478
50	0.461590392359404	0.403317682866515	555.775711820702	0.295680109096614	1.08551838084917	8.52297240720875
53	0.984928148745159	2.56274285005833	257.683252953242	0.512026869097379	0.653980913490409	20.5097924486704
59	0.953895099610759	2.28497940338704	379.361268060854	0.455526650698817	0.839111645905788	20.5619110875924
82	0.948363471226876	3.23415116940167	249.931194322138	0.500232634350282	0.769771870055911	25.5149128534785
33	0.93395392815293	1.24812035982257	358.375217371448	0.501129972477221	0.675759597548388	11.2056469169609
80	0.991202150926725	3.96183696997015	285.364662422992	0.511455773468158	0.755756663945233	31.8730422747093
64	0.987480889196692	3.03641785555769	263.821174680799	0.473327142467414	0.71911874588421	25.7350842185497
42	0.957874164349211	1.98192129992705	248.108552559649	0.575725805296552	0.558034728650602	16.4872590464295
64	0.851754783929046	1.3215410356329	575.795590012558	0.393220262826579	0.985032137569153	13.2948280273751
244	0.978651869583372	9.11400690965458	323.846580518163	0.444410570235534	0.875238082415356	72.7367517192484
64	0.990403262555776	3.28589703008988	260.566945737623	0.513402135934539	0.638242860598883	25.616551605991
966	0.994698143462485	26.8714600092935	383.847004389156	0.413223276910763	0.883594574010425	197.808797666331
442	0.759875986724802	6.60849943078544	339.77359043743	0.425522221134112	0.895675553707206	53.2210215540443
97	0.980702871653073	4.17474986203092	386.125144473912	0.483330332082125	0.877088184627673	32.7965378299226
132	0.99552828105405	6.87526507765078	235.378174391299	0.528841501347895	0.641959910723689	54.8565564792245
32	0.956232039471882	1.59666031388711	301.248494099016	0.526997647634326	0.714996107673032	12.9744727332354
68	0.98927244231475	4.03146307848869	215.674251557169	0.72014692176964	0.426388673374994	32.3229592862277
77	0.987074183504502	3.9044869717439	278.355411899923	0.538278446513741	0.618446901435339	30.5231253864129
143	0.97687791103676	4.83974858537109	337.776459740836	0.40156550805765	0.803812196410805	39.3114662070153
36	0.956304823568561	1.53818400175247	257.171740947736	0.401300766006648	0.62057901296957	13.4661982376621
347	0.994069887703554	11.2304642106279	353.599230437532	0.46669989922771	0.880218003269629	91.9167148231843
93	0.948025103477468	3.22729828993682	311.251652108436	0.397711658518689	0.835498867990143	27.8314430849642
39	0.977724296734988	1.96554862605649	219.805002299317	0.491541238874939	0.623546838272751	15.9064881166163
482	0.996896977150048	16.8353063625759	353.898732512385	0.380359963836037	0.92213948840534	126.006199122952
77	0.988700949376081	3.66749488274507	231.894369109246	0.462380672372614	0.66345760842716	29.837317997961
2010	0.980895332058343	32.2215330022315	357.415895387356	0.393867616196683	0.961775160467008	249.021306550717
32	0.937539271089916	1.41181241992542	224.192423958046	0.506547861130624	0.620490138907726	11.960838652733
66	0.873299722793979	2.13060047438328	346.228943741247	0.426938407522353	0.876549817237631	17.135157560192
56	0.983656213381573	2.69966075625947	304.565324481485	0.469797399209164	0.653637369477941	21.4821416161036
229	0.963600499514275	7.4259403184934	354.973206620564	0.422443954436059	0.929064660179825	53.2747788400591
94	0.971708343484605	3.42757568256758	290.201805934059	0.442973861156618	0.879308161202249	27.4533352807585
148	0.994539686188482	5.87488456392557	353.473549887688	0.377446457300289	0.947242690312977	47.8467125110014
140	0.992493136357643	7.05757699917352	267.611677910989	0.574312451453019	0.61381253138542	62.6902025614083
191	0.991066948712141	7.63824701898627	347.441854828023	0.426608631431487	0.857589607880465	63.1323912828988
97	0.978850909728816	3.66053261107488	291.532017187312	0.403779980935501	0.864979521628472	30.6567299222922
261	0.993872008182314	10.3172696957116	367.11902677775	0.435344310940745	0.918481319095092	85.3457301753386
47	0.729528403848246	0.565007781222116	600.575113061487	0.335538195650085	1.05258654838964	9.34422813313754
86	0.980404110974926	3.23685823645604	294.751943263062	0.416640994247485	0.848354647550043	26.6679684926252
53	0.976774078842978	2.31249477797973	303.937109816691	0.407322849504384	0.744611263729021	19.2018746349518
39	0.8089757114719	1.33188684624453	351.326188740033	0.448779404327894	0.818002296488609	10.9253460183762
87	0.920901057410416	2.83385979412405	317.058788197936	0.467458778448398	0.853276978240416	22.9440275575846
52	0.978000595028697	2.89699277346775	233.967810848887	0.65745843145224	0.491129434895722	24.8345279090398
205	0.993849854742689	8.08992392314295	360.28862221986	0.40047751743019	0.894837250886661	62.8540700839181
196	0.972683764586489	7.57059078886608	342.694872446861	0.458500355775491	0.835043824904575	62.7676875335631
102	0.974937374371044	4.35705971073092	295.040757447842	0.502371631109968	0.750065642303155	32.6769484971432
34	0.633405329898072	0.900032256200128	322.83528897678	0.450765524119072	0.805368441630966	8.44286314916906
142	0.962175022659801	5.21172768106104	306.423164922291	0.484405129560581	0.768970075369697	43.4546436879657
32	0.745515879220531	0.665220757716846	426.019599404865	0.333529461900902	0.897756796424416	8.08243059172874
64	0.987335554783256	2.92290718639004	312.774516843659	0.446487974042154	0.687483899235452	23.8521917642085
33	0.958347965534011	1.57608410046954	264.491978299624	0.556944645179939	0.676304164168934	13.082904552819
231	0.723073919801214	4.99941932863139	270.862078038166	0.480823941926664	0.780096258574326	51.0411768296034
56	0.971236618622612	2.34687373015215	287.407825712562	0.490739909979508	0.829821055373046	19.0820528920475
615	0.964642741794111	19.0031617754048	338.720875780562	0.433666455198681	0.913583641814775	138.351782906671
47	0.831730687020766	1.32698783038468	389.249151571078	0.381818628865479	0.916744228299565	11.8222503654233
267	0.789317373100204	6.95701300842879	240.106668947603	0.597488881034638	0.603254028354296	57.9431873454442
48	0.844161758589836	1.00816845320705	467.441672749402	0.356148205084297	1.02024068063901	11.0243696288277
56	0.962298836050159	2.17832297839551	420.039046346776	0.412380828773732	0.927080163600431	17.4990896915031
37	0.909912295297627	1.22890613970833	304.284941878888	0.396087580793463	0.809018787762928	11.2587547351391
96	0.992430213099037	4.59788395454276	277.678835896184	0.474225167437837	0.788447143643073	37.6834072222766
31	0.94460809860078	1.18864180614563	277.201643061526	0.437749103412578	0.68691498856669	11.04745364377
33	0.985213309527135	1.88453670025642	255.230509172873	0.677528508901058	0.434283591181963	15.8532581999246
38	0.981870614610918	2.07354443479546	227.940780156273	0.550819310865904	0.598351897753155	16.5790954481181
203	0.991522970061451	9.55293039661714	297.626332414849	0.482167435768925	0.794372304537049	72.9508499999297
53	0.934983421044659	1.90862157635691	366.925081290841	0.425450408531077	0.885504627555295	15.8688292836905
874	0.996333386080973	33.2466188645939	345.197473428731	0.415734009314564	0.924860776173891	282.529862511483
93	0.971437113862842	3.23315533782679	321.522265726978	0.450715673725931	0.874086003650621	28.2352133671396
286	0.996863466603681	11.5541624818906	344.584955588059	0.422624271704301	0.878875797131014	96.9290114334956
79	0.98704172929165	3.59459078499557	285.089332263596	0.409537798431916	0.729746751283537	29.3456407989338
1202	0.976738996545304	27.3021710375307	378.788201189492	0.418206253765743	0.922385643300677	220.591916353284
59	0.893650804068692	1.62832499602219	481.266832168125	0.397956125544311	0.941050310960357	14.4279840765191
40	0.811710318714522	0.801253255785918	403.95857445886	0.395546864292072	0.950358618921077	9.59035597904716
38	0.978352563158859	1.83330973426015	503.829716463376	0.445856612915436	0.533623673873273	15.1498154797066
136	0.996774961156667	6.34003673686324	272.597758951924	0.438775083728644	0.753207379950929	51.6667761855478
39	0.940478150362086	1.46492375929068	299.069339117058	0.498314173902409	0.805513899540568	12.646587574288
49	0.938827633841545	1.68045137990138	303.928580502675	0.427857841070511	0.825954743358551	15.0363808902957
333	0.993822623945371	12.7047962743942	330.229992673827	0.426313763704444	0.898322918815553	104.271731008571
278	0.998526879208725	12.684670729925	292.576964253416	0.453385689837558	0.748254763491402	101.682395321739
42	0.90655646808143	1.87627344399808	245.602347838566	0.631184569697333	0.538351598060343	15.9734517350172
107	0.970889656189245	4.14240937026757	352.434988089318	0.440080191583305	0.820836589438446	35.1912820362327
63	0.982349100612746	2.85484596900221	322.645851846477	0.46322490586384	0.810877345668508	23.6038638334297
44	0.914037841391482	1.57030851834901	365.944773910316	0.441248029496774	0.935561915988327	13.2865620291816
132	0.995125654450949	6.55554844809709	261.011334915278	0.467633775138846	0.672641383980116	53.7982032180618
1523	0.997539417191241	42.6802776190993	429.147468215542	0.375807169806371	1.05228412196129	336.761693836634
77	0.975797730741131	3.80232155442645	272.069843353922	0.544075693164386	0.632461145957387	31.978458553828
61	0.993486150330295	3.37968783464846	216.770077819073	0.525556685658987	0.544597661593872	28.1173508641156
43	0.979796505661902	2.20192651646842	239.076743165476	0.562164879811939	0.624274815387153	17.8603449142459
80	0.947969682074204	2.54688117612156	357.383977120299	0.444743323495298	0.873495209165717	22.2801506580413
208	0.992038021974479	8.25198043823344	302.431511418125	0.457629008193714	0.809315852213303	64.1882150349672
103	0.99247889518004	5.1681583315874	269.320689882646	0.531533735952674	0.64809544490695	41.8921685783183
52	0.990841881496314	2.84306857480719	252.621939620932	0.548534767558547	0.508241561929105	23.169167251741
47	0.906602793550463	1.24580825540957	388.705500434154	0.358670060734673	0.987554590100205	12.1958540537905
134	0.995767458886852	5.92228319561119	298.294896933742	0.439794570074752	0.82699828880151	47.5266732494426
58	0.988955266142918	3.06811928996817	263.225248227564	0.543004769475358	0.634595959682698	23.9507576224336
37	0.960402915239947	1.51004576937958	339.243106788882	0.452863770040241	0.813757829437785	13.1284503618896
66	0.930704359121352	2.29770578945806	356.747215705198	0.484490503315835	0.80199721363405	18.8807495361369
35	0.987564492509295	2.14375115697959	248.887059574534	0.708963324379146	0.432320696466553	17.253982074779
577	0.998762758728299	21.9739057373567	361.919639382193	0.410015862351288	0.959924183819604	176.851579313847
40	0.971419569787008	1.899033507138	290.712408149606	0.534591704003469	0.655611951590869	15.3577557690058
38	0.94794045432718	1.54181880105067	301.443806811737	0.529441534618005	0.752772702153105	13.4121377903093
120	0.991111829800971	5.34656482021655	367.189782167357	0.446927855687683	0.833680160626915	40.6773273696312
31	0.939614907307995	1.23506206300229	210.840045399152	0.394039069495459	0.67225745461797	10.9096870589327
34	0.914496226001942	1.22390846481881	316.029108128876	0.45971163517382	0.819337744305472	10.8210409860448
33	0.67628760133699	0.394572152396942	475.907841504981	0.31798536231566	0.963955899583647	7.50126819449994
40	0.994537734323921	2.97186762302784	203.977290486165	0.893333333333333	0.170536354301225	23.7696141455198
53	0.963175957662823	2.60191550193656	210.968580638318	0.560495664625827	0.593450981538375	21.5209239358494
196	0.996212453904559	8.61266077451575	359.169414142353	0.440115995572486	0.878425103776602	68.2802236207944
66	0.995098285636803	4.05207305645191	222.111358146219	0.620809248554913	0.429588980655423	32.1138485178446
898	0.991562210091409	26.3233165487095	356.024405185414	0.425109737713115	0.869972957858182	187.044091410429
208	0.981617691099699	9.35245087503701	244.189898378947	0.540929348121357	0.62879113834625	78.985739521803
212	0.996802339721611	9.63975575798477	305.474135158022	0.478853636417101	0.783106859077551	80.2722598126956
182	0.99807601611179	8.93552775762188	283.477328718625	0.446202301489747	0.677959976664766	67.4192094031866
103	0.991290789104212	4.44852722847005	294.1219500324	0.427059554935477	0.84443972099796	34.6567170839449
105	0.994587700210969	4.71750554091139	303.597746656168	0.441541503215711	0.753405059875737	39.47484086316
38	0.976568517485148	1.82539377771826	259.547208793089	0.439452121805063	0.588863917045269	15.2667131686077
53	0.987528643700059	2.85035155159661	272.772069154301	0.581309186424276	0.583174884137153	23.4759080459173
1016	0.988102947124405	27.1949765400858	321.132326691194	0.451704743354672	0.887007406341582	195.72820709866
169	0.992680476775864	7.83540634992722	238.595938087159	0.478063162448189	0.69768877610611	63.9105953511625
150	0.993442118410045	6.48644723948171	315.921126571673	0.414888089802361	0.780223179084703	51.4851456453954
1575	0.996067021929877	41.6505693569582	363.442479593764	0.39498316624516	0.966357490396011	322.797061433598
34	0.915567429653745	1.24508167375821	345.201908981158	0.497813807650072	0.845016839854261	10.9183634536236
92	0.982941441973067	3.98876825901958	329.382227645559	0.423550974678074	0.91446898278467	30.2950834704039
34	0.949273337867587	1.47011504272658	261.337307185972	0.472286303825728	0.645226167914054	12.5706737628788
63	0.272497511398818	0.463905523576979	784.701621500945	0.30645988347401	1.22941899116038	9.23191775019899
277	0.994845823913351	13.4578204102726	302.691818831708	0.488461358277647	0.777373298644645	108.521840102768
55	0.991603727490674	3.10689966962092	241.970706496663	0.535892194715724	0.586126680281245	23.9825410318608
339	0.998753468682276	15.9973919971099	293.400952918766	0.474149288030206	0.789453213327216	129.378587980031
841	0.985006259548424	20.9345838398795	353.518929227498	0.406135032503496	0.963213881057487	175.233769233279
35	0.958646358123103	1.5581381057051	327.898135688133	0.504879288020586	0.647837456802417	12.9659896319332
139	0.990445003552409	7.06072466050811	234.282945808514	0.539737521259656	0.68290219891232	55.696489689907
33	0.873720680784263	1.251997182276	288.492183513099	0.503633008574185	0.778959938129248	10.8530986421034
823	0.998143099411529	26.7334814723137	544.985474537664	0.349445759228977	1.11479246653791	220.508760012635
448	0.984738054096712	15.9743764746695	264.921594029213	0.440311466117228	0.744721857466915	122.186533204063
119	0.989417743466349	5.02915570171356	315.294358501181	0.425061913612038	0.670305877745408	39.9556506542144
38	0.724653532648459	0.878652771201902	459.182579632512	0.404840650063032	0.824228053721036	9.07617316558951
295	0.963130618798461	9.01476778733827	326.305123054199	0.43157727072852	0.897068191109047	73.4866629433861
38	0.97255170307084	1.90080091440162	285.871246974592	0.490640351454831	0.691433935639388	15.416865389528
83	0.914407863740358	1.68727160980244	360.207119708829	0.343772915143073	0.948908698162211	16.7168637360384
352	0.992522492976088	13.7407467610515	294.893679018986	0.415446984120675	0.809602236404353	108.818983213811
100	0.988922207312996	4.35268830237329	333.010828710275	0.413919562636457	0.850539150309107	35.4573843277491
95	0.961812589297015	3.19610020102764	406.283679127996	0.389989442728136	0.845085493392745	29.1497215747428
76	0.993351414371674	3.9047543451008	297.050324481239	0.497985475118864	0.614207967440015	31.0292766264298
210	0.996212825512442	10.9151598544597	253.936445771306	0.500938464961875	0.679629282020655	81.1605906309471
37	0.983528692104343	2.13268574187263	215.128121650332	0.624489795918367	0.438657780451001	16.6082087874312
38	0.803905085280016	1.22504157280649	240.079226001033	0.456228468934351	0.73716767217881	10.6989348380396
40	0.964597799731063	1.7072214161676	241.002553798544	0.441764984799041	0.68514524705727	14.1100274487478
145	0.991097643464181	5.13460395534883	373.115181455187	0.365739773651719	0.977780900751099	39.7043541289605
33	0.698466312356583	0.9109061428647	325.333061937946	0.415832132120372	0.927078652003846	8.54674055013047
197	0.99823047613295	8.76908098474404	306.624243007943	0.451222006244176	0.8358733600585	70.4393533739631
106	0.994601082792244	5.64769423236354	259.337813862387	0.531184518871323	0.644607547767854	44.3774722309364
35	0.980244520089408	1.97352703704001	200.428903452802	0.578356942534074	0.547639188306065	16.5321247016198
345	0.998357551401991	14.6262009476517	293.954253270561	0.464180542487741	0.818812989956983	119.597155795491
122	0.992175339352344	5.63739713120575	272.449156207886	0.497864575805752	0.640236052918388	47.0931712905916
116	0.996234127201242	6.07885829900301	265.222467770464	0.496542986425339	0.641021134081511	47.5920540264603
291	0.944488010148593	8.44993214828433	321.931582359542	0.457409990654551	0.789921270783242	77.3356273597855
38	0.972384686510538	1.77187356839626	246.386164720383	0.433973805738512	0.653435916434077	14.6472350977905
84	0.989020036466515	3.56591470264216	299.007569661667	0.407228220776608	0.755316750138464	28.5455464336571
33	0.836869068973039	0.927978668128881	353.527581989717	0.393769094087433	0.820838726922834	9.3480831316755
53	0.983692897382952	2.51001607933984	237.353252916543	0.426754485578015	0.616306873371534	21.284514017294
550	0.901056928022022	12.4883265170728	298.059614707298	0.449333290381695	0.829155776196125	127.208279205391
32	0.824037341263449	0.967651505595741	350.989441644207	0.459188564129741	0.784919783038293	9.30381310480726
86	0.990438954582534	4.63707826450415	256.046739712491	0.644680372203592	0.588706424072323	37.9097305811886
43	0.976188391542875	2.1123821568106	234.782500842719	0.517842606285513	0.72049724120899	17.2578573478365
52	0.989384994135174	2.66740398153411	255.003944883055	0.597241379310345	0.450413422017515	21.8714392290173
151	0.997893414008142	7.62048941633274	283.235995802606	0.496992495372438	0.696670205176437	61.1933192354326
278	0.998732607419939	12.7969437560678	304.736539777035	0.449768074047595	0.830512546626487	100.636265894571
79	0.783719478532677	2.66162460826381	309.31225679991	0.533062999485018	0.706534111965583	20.3349616493567
31	0.938483102938613	1.3557337798609	220.908434368062	0.512520842219551	0.632125493441216	11.5177748235857
50	0.992832624131692	3.08057963797534	208.408919967321	0.742813865277969	0.445220454360788	25.5597159740849
32	0.823289094907553	0.872709359358758	343.396927576915	0.435468380364016	0.876670866715975	8.8341705461003
37	0.913497057431347	1.48706088632545	339.096878753568	0.464249088127799	0.825464962355808	12.2692240591991
35	0.989503284836495	2.23738682483555	203.977290486165	0.702325581395349	0.345170055297164	17.7407289882994
100	0.859486625742861	3.13343263564798	342.226483289353	0.464945911836668	0.836535236032172	23.7577586585036
99	0.8400691599945	2.43873349209495	319.3027714924	0.423150112726036	0.866779680437809	19.5683946987703
66	0.980345567515036	2.82561734710865	350.092383432777	0.470254207504574	0.812485776790333	22.7027986091844
55	0.964482034525848	2.14384263243116	315.281070269621	0.448910266601443	0.81001452935038	17.4376821926387
532	0.605279640696397	10.0069144484907	350.026781259652	0.425100967160621	0.92994843017185	75.1532626657571
36	0.82360977715928	0.917014752510511	378.977032101227	0.409577572401102	0.883762038955905	9.44887255018601
161	0.93188511248236	4.78635969874213	305.991992375457	0.449125290200254	0.829372210272785	36.3878100008732
67	0.991233328145043	3.41824742423014	290.527754346004	0.477793187430234	0.648933529623796	25.9320685555268
655	0.99788984613796	22.3352535302739	432.645273675896	0.380537887564322	1.02808495049435	178.809342031759
62	0.863551978283223	1.45553169855837	406.155909774847	0.392893725677536	1.0237380559088	13.5552853570014
79	0.988960241140598	4.34305410670578	264.791387541642	0.581128018775078	0.575023870617349	36.4427970310403
79	0.847539514505994	1.4131022069497	688.476674279256	0.319707700248321	1.20347437756541	14.4745167939404
45	0.992510213396476	2.76004478785428	233.763189727181	0.603418803418803	0.411625195915387	22.8930091595111
71	0.968535331749408	2.85488372977211	304.714072224907	0.501547760744033	0.836302078950765	23.0982034766482
83	0.997805332613105	5.57853337341394	207.883432418964	0.657593143015138	0.458226954268834	46.8918140532859
533	0.844353916790781	15.1483664830391	284.901198447537	0.485755109606213	0.743251033830122	125.923411916412
43	0.99084681880985	2.61117048283273	234.331435604878	0.750738974268386	0.354369400782797	21.0699470442475
85	0.994826123427659	4.33325750195787	291.773287271649	0.485862775628958	0.710993075157473	34.7193353578681
586	0.900543450238215	14.1606982082476	375.982560505333	0.417820410035308	0.928931007657282	100.475581180985
133	0.983784990224722	6.28430534899794	256.558356414394	0.534048593781503	0.70337532606973	52.3818848381061
61	0.969526558465678	2.81468285730391	306.182427025136	0.540982472955591	0.816678166946063	22.534498470165
59	0.994892895687279	3.57049089826172	221.683709914785	0.632047527403565	0.506520050434473	29.5330869650778
24176	0.9625829209505	124.741484905648	437.630179177144	0.390415747673832	1.04580182073657	987.588835361511
83	0.95589898606157	3.42979728029669	268.036599000814	0.520732547745928	0.674322613336484	27.8741010458675
130	0.663839386693362	0.889377157048108	744.065264946316	0.288848083602388	1.32366041860485	15.1743230846453
296	0.995839057673661	11.6781652043257	329.045683913861	0.382695415576381	0.913889311790275	96.3400615745107
72	0.952071272100707	2.37929346383468	390.512937510466	0.394485902949966	0.94114971946317	19.3336599186013
56	0.964817380516271	2.08852125928699	306.484643609569	0.482520823172843	0.816323961544784	17.0201078317472
338	0.988129365488533	9.45971177596769	363.466662203977	0.444792732485853	0.834796907353349	75.1342238604115
167	0.948598521977541	4.93738656064603	300.936608788378	0.469362991228537	0.760688865544559	44.5449255420824
69	0.991999076101376	3.41007459346733	232.474088453353	0.509549659382028	0.620939431321547	27.8703887298136
32	0.975631925181462	1.73041071332037	248.887059574534	0.5461630927915	0.572506488853045	14.1019053051369
112	0.988822643672255	4.78361770131721	272.143315012296	0.439357861743183	0.778928355395485	38.8281773729377
147	0.98947537954033	6.0976803083218	317.795745927055	0.44302897920545	0.842208579755021	51.0385940815152
83	0.991718205812255	3.96510422359971	307.795663513966	0.483683340124639	0.766369702848426	31.1495658916452
31	0.924917176613005	1.1970075135766	223.369549186283	0.479750064702185	0.675194285247597	10.8227326069054
40	0.811481982131462	0.690747657406964	523.12732427597	0.367099808938102	1.0183738318242	9.37400567009387
115	0.938482098381063	3.43595043409284	317.917793155802	0.460003913064762	0.853109399246717	29.4041469487355
93	0.857359230935809	2.79369029647352	323.93132301109	0.472973958628041	0.789212760102958	21.753797923988
40	0.983636606535974	2.13896757875037	249.642429655564	0.5558381290146	0.678159418547816	17.2659643590832
52	0.966739914839559	2.13089998099413	318.111564698358	0.416605796746973	0.77172774247298	17.4448775954644
159	0.998908828584186	8.73369303440731	254.045380806222	0.486171418638255	0.595476462183284	69.196642281143
73	0.993419069756863	3.92967157405644	288.021630934042	0.547323234627888	0.689523718323213	31.7838486297283
117	0.988371696954019	4.74171488146754	353.841517224995	0.382115015148984	0.798321911075336	38.1565906675342
64	0.97797367466999	2.64871710087922	268.258315552747	0.43816796688769	0.773335229220205	21.8398914638001
70	0.807144362728593	2.70866195390366	261.199565313428	0.553809597073354	0.632491979758196	20.5436939750726
130	0.751624453824565	3.78344761743432	295.090024938547	0.471275631907211	0.762925728699479	29.2598664792754
237	0.995147521218611	9.23369160382605	348.427889476837	0.431559108782111	0.896341162921793	75.2791773224371
37	0.972858399894126	1.77452288141535	305.743231546858	0.489186071885034	0.646951840839698	14.9368505651089
40	0.96591965533687	1.76638307869472	275.34927825502	0.50506472859414	0.672765352870119	14.3862295382328
41	0.86859267961935	1.15078713310555	491.584876032145	0.378654681025882	0.994562891434892	10.8777155594309
33	0.976034907599423	1.70688854813914	203.115618687187	0.519587741900115	0.572118200944076	14.2256422279687
83	0.950302545921477	2.70306507569876	255.483298997827	0.45549825340675	0.730104867797873	22.7080766584421
148	0.993857299559408	7.02283274689672	309.742459381561	0.487097595550725	0.785920118718192	55.3391508944478
55	0.988218007035095	2.8434130962482	236.459654360267	0.510407305042599	0.681138032002224	23.6838422322516
521	0.998702676421843	21.2777550373006	314.818462429277	0.412050956825416	0.84000815215216	167.682164638193
75	0.728439483755677	0.887170758721811	752.973806753469	0.329514914268467	1.1621766154494	12.0409729528148
342	0.99627403653537	14.0515642224397	306.32947857282	0.433759303131802	0.865833028807001	109.810644529822
918	0.988404845475304	20.6213481262592	359.728263107866	0.408371431513135	0.962340029925568	156.922532288395
142	0.984745732934825	5.33279862491316	325.678465534973	0.478843142076135	0.840527623221587	43.7053812824201
50	0.890265750671862	1.34596359978269	389.464015838123	0.360901710439579	0.956897659242793	12.5522186660149
184	0.997786289329655	8.51598868281615	284.402578838016	0.428625137468202	0.785344700959519	69.342777987256
60	0.994901998405932	3.64484323204892	223.360064518471	0.570537976306477	0.549977926650367	30.1938093151253
41	0.950545339501761	1.49570479658025	333.414830366009	0.529146793852676	0.674071037984496	13.0305713589342
47	0.963247663469065	2.1011080644113	342.690721127449	0.497104850634262	0.752720178040104	16.9978123861255
33	0.777197888395528	0.609131993403717	357.322547901404	0.371795735296453	0.944885504496299	8.20599308755857
71	0.992615582334891	3.58988772595489	237.84296485427	0.51724839201698	0.639722598713895	29.2729835499046
622	0.982429275590002	16.4293737601888	370.998655157054	0.400561903065852	0.965646598187656	140.287450018062
62	0.96373550424725	3.32339538196458	244.373212094225	0.707723309671605	0.505478556145971	27.2134547902914
39	0.983491192765735	2.03866909182102	337.187454985354	0.544368350250703	0.531365521506116	16.9463887923398
31	0.71361949050687	0.551705432011353	426.408684598033	0.34632425922177	0.941583304871081	7.59873964506881
62	0.959136432865147	2.43704317902252	290.655481365381	0.446285950663964	0.789183738833852	19.4932099505842
54	0.977802448880129	2.37213716555737	276.464382047579	0.430687701275937	0.706844803814637	19.134019083309
417	0.993573519348232	15.7357640963571	320.580042676283	0.459602819993877	0.838562978990767	129.777977413222
59	0.972464091950519	2.35366174913755	337.134048608376	0.40581509817824	0.79266191463985	19.4982781158488
38	0.781926863434099	0.994042020068659	283.03474252661	0.466096050801933	0.780773157363841	9.80905022725171
77	0.991711964525907	3.68952127499953	254.210073268288	0.40170204806883	0.660298581688764	29.7046819563222
44	0.752585758452756	0.95594977117028	409.632846753395	0.368709595590514	1.00016411541589	9.81944952165442
184	0.994580190175717	6.80358545536816	343.704329575094	0.373944973190648	0.926180715144383	56.404429962406
59	0.9685685471459	2.45851310186976	325.582206788103	0.535456052587971	0.804034739756374	20.6669817503189
97	0.995957379516467	5.14140726955844	273.892605914737	0.503658642095868	0.683137317769395	41.7712362260319
35	0.986644329831371	2.09358674351398	203.382351769066	0.549775658010952	0.508615901953764	17.5836339132801
31	0.924286980352158	1.13089363042424	314.779144046919	0.436624454068673	0.691066647898115	10.3405574041988
47	0.944517691323071	1.80251256094009	341.024938252848	0.434452315244281	0.8284697704852	15.3000353784086
46	0.878191704335855	1.14762569306742	439.534047073406	0.368789845231739	0.962241458755059	11.5103154463973
50	0.962320898834819	2.26395623759562	267.92696050787	0.538067657654546	0.705120356648809	17.9630245149032
46	0.949825954824662	1.59792569759127	293.857989456481	0.413728607500234	0.725226625779054	14.2092784370997
74	0.993403034028665	3.97835979812736	283.406332889049	0.537511209803299	0.696378511738359	32.6714091062217
63	0.964012813161357	3.1277049808443	273.349943724319	0.613208074384545	0.565464440315127	27.3536256865715
45	0.992144383173197	2.79493914261274	243.74296347047	0.681353622530093	0.449073348695216	22.0662238170062
79	0.611748926938801	0.749678631263511	769.634134225473	0.302092719732605	1.27945839554949	11.5860490362074
101	0.989821599732071	4.13956244961125	336.22760089663	0.414224898307943	0.875172939193847	33.7947493089857
55	0.922656115991452	1.91728623777637	338.945609133271	0.434779545759938	0.846826113914336	16.0308558208349
427	0.996358826190962	12.3310370147835	548.61280418903	0.318920107509003	1.16424472316964	95.2563355453176
991	0.862871043809867	14.7326021049765	425.403419814363	0.392944027381327	1.04191881172914	107.273960194426
56	0.781981572235549	1.52344153485419	437.521281743811	0.388213409996708	0.968154110636146	12.6660189677498
90	0.981965374903159	3.70910834367647	328.43266415412	0.453889842785984	0.894371089561016	31.197133430927
81	0.98595061211377	4.38258365020651	221.981486027722	0.588667550716886	0.564129249027437	36.0074809378694
87	0.982320216440742	3.77746627652586	307.531624400891	0.440324513368807	0.763290531283265	32.4876723061174
78	0.958844268817323	2.51959377960159	386.210610439065	0.452748398862505	0.844477249492942	20.6440428060401
32	0.707404496010774	0.919441574260512	380.53236575838	0.403902952063641	0.938764595718987	8.38146102143117
71	0.946433717116181	2.36055204418549	310.011161515361	0.382706560439702	0.881947180961321	19.489715319315
166	0.992340269644596	7.35239814154905	328.095174723444	0.46338000722981	0.827690509819942	56.6701817485846
35	0.560442070539919	0.487834050133754	437.251417256504	0.383532928611838	1.02348833583044	7.47175403928474
35	0.928634459834976	1.67337374553211	209.178808112804	0.625374307727249	0.591050196805457	13.7685984486793
31	0.758097338751467	0.538722004409655	449.257185068724	0.351838791238986	0.909962562770347	7.73813352384389
38	0.903906140645166	1.34336115508413	331.849660021517	0.427103724588884	0.849633372384576	11.4762665680507
64	0.974885293768338	2.69395810207408	303.489881548604	0.436024001573874	0.809812862904521	20.9435239960724
243	0.993161130869292	8.5853909540422	364.636482655557	0.396630760173362	0.929794132714515	70.2792531916379
62	0.994783471208579	3.59490026032686	236.622729662298	0.58511152864094	0.464770879347129	28.8641119251962
31	0.977203946221803	1.62934479946841	239.917339128013	0.590243902439024	0.434490005932578	13.7201967608733
236	0.991510095471112	9.14394551146123	339.36902186592	0.44558779251467	0.850812247088914	73.1778483978149
129	0.992817237332409	5.33421382344765	306.659951994002	0.407511798866108	0.73109562893493	41.6189075413846
46	0.452253597995854	0.422576264811202	796.989881052241	0.273159339812149	1.15416082742648	8.15231109619431
48	0.979445260185307	2.24625266359258	250.40977246673	0.432496025437202	0.644474714332029	18.7345518279735
1961	0.978758688878438	27.8751346047837	484.322734917042	0.37596129377926	1.10320347557714	217.742300015881
129	0.980310554371217	5.05340052348581	405.605016762826	0.41833487119745	0.95019992798731	36.8644806770964
49	0.989170272438024	2.95005067167562	269.731417630747	0.58966613672496	0.606820458787129	22.7569047467152
40	0.912036304113746	1.41559167540054	350.030445694048	0.528262897674662	0.756727360983797	12.3060730854136
34	0.94471277428911	1.38455038421536	294.161442248132	0.450536974697965	0.740664431589427	11.9866545016482
137	0.993922835668794	6.38889250898402	280.94227727723	0.432723159583074	0.753760226039708	49.7365330511707
84	0.99012493559415	3.78587473450083	292.135771905428	0.448374240508028	0.822316523857164	29.7278568331564
91	0.988976573479049	3.85398895159105	337.197808400618	0.423910117821165	0.808330084703585	31.5569936174404
63	0.969455834524311	2.4269102402383	300.472165131679	0.411059427806833	0.85112027240864	19.9648036830952
40	0.769564802258731	1.00274495596008	364.367427835593	0.385217934526737	0.88521089443548	9.70669539463016
108	0.803039393914793	1.39108597063724	947.919369661022	0.274236226961846	1.30759046252806	15.6782393152224
99	0.968352336482904	3.63396466378793	290.87752711701	0.462445750777741	0.833777602782677	28.8049009562946
97	0.994288923850987	4.51472055297691	244.058728682504	0.427696221107986	0.754422904601119	36.9354435957281
101	0.990627069224781	5.37576227741377	240.225867361608	0.559977142727823	0.547996059041394	43.8128558962944
52	0.979803471471395	2.66103305168436	251.815593305551	0.4878703021882	0.723605356838069	21.380994903821
105	0.991143057436869	4.26595843080543	317.266658545395	0.423942349458374	0.869335862716286	35.5133852560781
103	0.985589328952752	3.87453534644348	351.025335580283	0.382855601085628	0.844033056561286	31.2172348169807
35	0.978711571132615	1.93002201759898	260.258884690417	0.543779590838414	0.593722290487518	16.4237994162628
100	0.988876248021973	4.74798575436177	301.188997590146	0.483917281202349	0.75687516231856	37.0801985454655
36	0.92139197039976	1.39824892278466	283.818675649239	0.479542472789532	0.803920861331728	11.9185237233924
40	0.842734754248791	0.847323306862933	447.928532319827	0.365322224785028	0.893680286139057	9.78883017312422
76	0.946289099920445	2.83521319477688	366.026910663386	0.46557394337742	0.845116719214018	22.5253419030326
140	0.990495659324712	5.49936531877172	352.449715883747	0.419644980685622	0.940673771240983	41.8782970971463
52	0.930057354669054	2.51057715309072	270.43729461073	0.548531409237292	0.661914816983801	20.6127594685732
45	0.960821151941367	1.83234945842703	208.838991407363	0.394404267128249	0.720917877366768	15.3696098583327
154	0.99626258959458	6.99798733144327	273.899627431142	0.46321264803826	0.806239950492317	56.1473956378237
54	0.952761284489119	2.10974622548794	432.099961979155	0.453867687312369	0.92511444809755	16.4202551962438
45	0.994168022654376	3.34016643982708	246.187289149991	0.713443864032099	0.417420628253704	26.3794504105963
68	0.971168282360211	2.59270369959547	356.166431977052	0.409743971285553	0.838999537529638	20.835555792172
70	0.984644967931953	3.70606694709063	265.444332814357	0.554821905760579	0.597989676752496	28.4849256458131
99	0.993916664963779	4.49078700515763	292.08663484647	0.427084823619876	0.798452363355675	37.0863437253268
31	0.896487571685609	1.3391307768965	219.195287935612	0.549538950715421	0.624749212186636	11.7118842689091
520	0.998802605130385	19.191082093828	382.447519159179	0.391229044018044	0.979707748478608	153.213629808842
36	0.628938287261594	0.836582166344917	395.71643264578	0.392473042224267	0.913931333277372	8.2903060470279
32	0.547250606281438	0.356431793397441	437.11365041946	0.368760165087281	0.947228484869221	7.00733334335726
85	0.950062571665977	2.91842457249786	325.663227291541	0.504128210418662	0.84253553028217	24.3750760720142
81	0.971444272091749	3.45187536111794	300.490196813884	0.440419637924709	0.711287336483178	28.8056200308653
131	0.986288635208214	4.84024064630977	313.707965216889	0.409330234913562	0.868512204195262	39.8643802242485
132	0.996148068777843	7.00871051639338	296.833685798996	0.518933189409447	0.771669145229874	58.6994071883335
44	0.989695556679849	2.63217180269907	218.815520936412	0.549047499511896	0.557220503142288	22.6098400651498
34	0.976999768154565	1.73901614340132	222.139587311736	0.550128952481894	0.512446498706994	14.4394774356146
388	0.992606634688977	14.0057056666919	308.802941943007	0.455117070183817	0.841044415090118	108.445199715496
64	0.984683181288486	2.99423484059371	278.810563664667	0.479807608314396	0.751273909710887	23.6406775037578
41	0.962183006181517	1.71469191235786	300.496003326686	0.415425600481244	0.719174157974569	14.1791444762852
201	0.995433874198725	7.8099852482442	369.036876013353	0.407951115513645	0.96936970548213	63.5961906217534
171	0.997760211878029	8.6251805260327	275.547247814969	0.471112053969197	0.748502930563525	69.5113433113692
41	0.969972279717645	2.03071304782377	307.55187417098	0.489653444566004	0.772289338276183	16.656857677158
60	0.995282930783113	3.6863340758951	212.336233903447	0.619869736909585	0.473881729729063	29.0514266974129
45	0.977848865859657	2.10029348257197	292.334743133878	0.441414944356121	0.658810247170814	17.2867754380684
923	0.988400092473123	23.0181245357821	440.523330531091	0.370966671098422	1.08440083083147	170.084933391197
31	0.989585712710632	2.09448964788339	200.428903452802	0.791780821917808	0.278625058655448	17.8546642279396
90	0.903221375099448	2.48926886329858	368.670451240699	0.412188986555668	0.899186439860263	21.6548678912191
35	0.984380959269388	2.05279369091976	206.323767563912	0.724137931034483	0.304896641653824	17.1645080499392
107	0.995314746767911	5.65782402128021	259.967013520008	0.565945460119513	0.683709342561547	46.0367185851965
53	0.910829188783049	1.78982784886483	312.328453418394	0.422574781329107	0.799211395880404	15.3349459031407
61	0.978704709311107	2.47233808893304	289.243786602316	0.435405338210768	0.852133346557677	20.3118909856419
426	0.976409416143445	15.9591977390107	265.964840394991	0.487329495911916	0.766717525717389	130.981956173772
122	0.984534662729121	4.58011142006902	312.312906890691	0.409567736368068	0.80591318376219	39.1239569675672
78	0.988478183984583	4.2837820321203	281.572713887211	0.613305472872037	0.678353375216504	34.2866276837007
63	0.866470094891624	1.58616860309044	469.348135039358	0.349358634823588	1.01368331790549	13.9894098519385
42	0.919723085738608	1.6977744450703	404.345603771174	0.438794856062136	0.891770833581302	13.7721535902445
31	0.963361508172979	1.42768950701783	260.028883804879	0.526201832084185	0.618475984279887	12.2490586782005
92	0.936009094938524	3.28908076539233	257.829299237256	0.570016647796534	0.667213328583658	27.3405749134484
35	0.984123924407336	2.11424679420676	221.319356677123	0.559017841370782	0.521279384202469	16.4628408819038
150	0.983196470304386	4.81041582984353	390.153900335995	0.395556115782402	0.908096195921826	40.2885908086817
46	0.595511878535147	1.17418194961236	341.177896016609	0.429129647181118	0.825237072457712	10.061858401626
53	0.983466836608071	2.41107581584931	230.455667591554	0.393755166931638	0.646453478702109	20.4289050084217
164	0.992972349130133	7.13713856110884	290.676409345147	0.405363941354238	0.754655116309447	57.1932865303945
31	0.972272799365538	1.6998002649447	262.304078005689	0.556073720779603	0.54179847763875	13.9988596383059
176	0.879385719381121	3.86348334336681	394.7380962591	0.402773904366209	1.0054577882591	31.9182824875647
39	0.827291859780905	1.05783880978022	342.106102387718	0.373087843160569	0.911933495676972	10.0102654965503
37	0.991461350499799	2.41625645734576	201.036084744892	0.84	0.242750866651393	19.4621338411082
242	0.997664928026102	11.3519411600224	325.054301935362	0.462554506739344	0.832733138976127	93.9961981526221
36	0.986419313791121	2.45453310723644	196	0.698823529411765	0.383274147696439	19.4481014036817
31	0.97117732588848	1.55869551356426	279.849631240901	0.529318701772073	0.560564139848916	13.2750541846082
115	0.989747592774856	4.6682523089332	346.367166780552	0.442556909063468	0.904021048085093	35.4691388442424
43	0.971731394348501	2.21544228184629	226.342819738468	0.594835809440272	0.574566173034603	17.9751179505542
409	0.989484793357551	14.5806768990832	358.07705597734	0.4345783258512	0.946402183567366	122.219748496827
34	0.987101306284897	2.06423169139133	239.488852385589	0.686974525825415	0.425397772365077	17.1554999401003
36	0.951327245068565	1.43362215379703	441.112734162904	0.420862913000362	0.660050160659713	12.5381427573068
35	0.930781070824969	1.40321770439695	304.685492693323	0.446779094174052	0.77028200273662	11.914990615785
96	0.994722570799212	4.81506973637947	249.981970932861	0.4553649909808	0.686340857412264	39.2148295645474
53	0.977720359493168	2.40698636637766	267.059735007067	0.451743508214096	0.675048260867511	20.2707669084502
106	0.992071866376788	4.811234651986	265.22190739525	0.460242013439451	0.713149287581875	39.561524080416
37	0.985117669728787	2.15813599198153	226.349363876482	0.605829358770535	0.493053329118108	17.2834095070846
432	0.998714486138161	19.3268578072221	306.324949273085	0.429319635608311	0.801258831776892	153.382187691828
70	0.983335248469827	2.97515865651256	283.309438883693	0.43972803688828	0.811292581216513	24.384819406148
308	0.991654347415368	12.7227937671345	305.171351908337	0.449857506674877	0.834581915542	96.1952099241033
182	0.97670089365701	5.90045583502341	325.934351405515	0.396524414653395	0.936487278924699	45.4351066533642
213	0.984868132174268	6.99777542510891	391.952993394593	0.411811642312826	0.969028223239026	61.6153567570492
257	0.98282748245335	8.42823053278173	370.075118166769	0.383340032892122	0.926465478422781	71.446463706535
137	0.928191685577301	4.19011911118864	358.498401585676	0.448958595485024	0.92858430300873	32.1752451490196
175	0.997819498633411	8.82367638677417	262.344991082218	0.509313658623122	0.689770699732204	70.3866723299157
36	0.590811607777243	0.48729930567067	513.819578983011	0.31955678002249	1.11866970714972	7.64315640136253
138	0.953988777699104	5.20439618179129	345.173348586572	0.488636866418336	0.848876109502549	39.573350665245
80	0.960180117353095	3.07253289681245	232.743695012099	0.500360687196655	0.702593132896368	28.3045018975222
35	0.986364092319313	2.16296592606925	198.863342259326	0.635400105988341	0.473969492196422	17.8452679670171
39	0.982944003902402	2.18272335669177	275.551317372733	0.576683736409607	0.622870868051985	17.614310475389
134	0.995999131231803	5.95515195770925	310.104168279416	0.440623799546488	0.866368321740109	46.5688624691372
69	0.996509899081531	4.32577745228813	221.985683674449	0.663102430161254	0.497362307066495	34.770397539222
92	0.98762831209869	4.06213440540864	295.989692231077	0.451538410774815	0.808618218788719	31.1360535163805
44	0.972308650472016	2.13988665632588	253.908826525827	0.528682650457	0.722297490724556	17.1633516038602
227	0.997923761203922	9.28060940930478	347.172838370981	0.39534616561642	0.871280768535505	71.9224309029127
73	0.989697286317954	3.58836531043865	226.445785749102	0.473726959341403	0.690114805896473	28.7829144296175
89	0.708419492843509	1.06619541119294	841.767621235578	0.312005871413371	1.23941134108835	13.2496889811409
113	0.985607799721551	4.95904760591033	306.055742241255	0.488487025643305	0.817775095141075	36.7130069120877
47	0.923456721092309	1.43975381344378	386.53159298643	0.39169778080264	0.859732082557918	13.4168685627948
37	0.9835534216029	1.95925966754369	377.132312113547	0.544167937445248	0.535755337105242	16.1539755806773
52	0.98366723085984	2.48939209000758	237.229642495414	0.51216805136705	0.689871894890363	20.4631619103293
154	0.996800910324655	7.3055871497914	292.926176959869	0.469214468536972	0.722919664086325	60.9144920465061
48	0.888617925997946	1.24306215057418	461.971471211239	0.378266917954513	1.08256145490197	12.0384306512773
32	0.953501100606189	1.38773956557433	269.579942524714	0.438710839016329	0.839623084213765	12.0225738774539
57	0.988185164224311	2.93321494447931	254.687926702749	0.546182518235649	0.740152881757626	24.9748436152404
