s.area	m.eccentricity	s.radius.sd	h.sva.s2	h.idm.s1	h.sen.s1	m.majoraxis
1307	0.98666427598638	20.631458518975	343.649971649642	0.352868009070688	1.21049068381224	154.155562364942
295	0.969343612166451	6.00484647022988	368.948294263243	0.326214225551425	1.23467272173841	45.7645934265472
776	0.526780393151482	6.45816162079664	447.401104404464	0.330123679877762	1.29432738138591	51.6546539007958
163	0.889094873755065	3.12424196250059	359.74497479881	0.329224616089898	1.22403034603714	25.3254531521414
39	0.818681076852191	0.804192649592687	200.426947601431	0.359085442908972	0.966854472357432	9.36896819137357
314	0.879643946667825	4.07888532455318	447.483132919174	0.34561382114479	1.28272010039332	37.325890053383
96	0.848973280374638	2.15482076663932	195.834563409906	0.426412085315106	0.942712249475153	18.6175100737973
92	0.925770127934625	2.06477700353922	281.124054610136	0.360315641026995	1.07536392475858	18.5468174589909
33	0.972310248433684	1.6207506211032	289.657014433741	0.355338143573438	0.93230388270095	13.3767214854718
129	0.890997355388193	2.55987104030285	322.927350212272	0.332581152490655	1.15107727829077	22.2944141594731
34	0.448563112065385	0.366108050224468	251.892217536538	0.370641783548694	0.99783936386227	7.02076072759565
38	0.78086475598109	0.71666050669292	232.093246359292	0.39459124979487	0.992500634798847	8.85984196177599
50	0.560764982790459	0.716941711230866	391.717866882905	0.330255205489376	1.23097658069294	9.14654200522226
64	0.771756358889445	1.77680409048188	321.128272789708	0.351499527970116	1.0562353863848	14.7977238326694
113	0.940587991390489	3.01465057011793	398.55678927405	0.354821357249254	1.16685395245827	24.8156828006844
33	0.829816051098448	0.736863420758771	201.155557134741	0.393955205719912	0.900538729512846	8.68330613842892
94	0.837599178557499	1.54003721015951	353.599371595509	0.372310702627445	1.12502820633592	15.4754690773561
36	0.734718053678495	0.514614341270429	240.391539307118	0.371404301451996	0.975506867923754	8.20369359867637
100	0.901429667403448	1.75267761305905	315.515865592702	0.338195184518714	1.16926119944428	17.4982489467856
67	0.791033041136977	0.953578760171218	312.665387873698	0.34907768364658	1.09799026473805	12.0352048050741
59	0.839540901047446	1.20934142573129	241.817590957167	0.399769929873736	1.02824922501957	12.1460320696616
116	0.834077293395805	1.71930720300257	413.716238141295	0.336007191889545	1.21802457595507	17.236017830968
79	0.9596135212343	2.34516689229214	255.224270259661	0.415049951548888	0.995368665606944	19.4595294221793
36	0.799709249490608	0.706122354997329	199.95691308344	0.356398101103983	0.92595022764311	8.7432513657335
32	0.794906412194849	0.884153806956087	179.766264472339	0.458057779324748	0.796840864996948	8.76838011151764
52	0.471593604120501	0.625186673922275	288.499057448207	0.365844478785655	0.999800191467523	8.95577464074327
52	0.845454384869737	1.11255045308976	212.059218157177	0.372746240952665	0.983792595320835	11.7034421111966
184	0.90133089688886	3.47072086493067	384.33306411138	0.352575256066095	1.21459634614947	29.1359172160806
209	0.827107101937838	3.10971402232814	353.531447748673	0.353324215176283	1.16106148430194	27.0594499283849
54	0.890309446358493	1.67545450629377	160.291708757036	0.438639476580653	0.89204289614903	14.1157801770555
124	0.896342814685309	2.33227237476699	292.097301915994	0.370922210819909	1.08340080650326	21.1764295494745
32	0.974467395886483	1.74923650365523	109.728956623011	0.571879483500717	0.473517395632104	14.0480573888463
218	0.951070603481636	4.53479810063743	281.086522343051	0.365333670759142	1.11626488375975	39.8972247436705
196	0.936957611792102	3.9331918066501	242.09853927108	0.373566995337199	1.04976809732306	32.338378225351
268	0.936153143217498	3.84864434611701	478.919269408671	0.329567627866328	1.31737443673146	34.5378453941636
42	0.643785533450923	0.425323453943493	266.327397474938	0.356535155915961	1.05134183414332	8.34352399842594
68	0.708251237896252	0.672268336095126	318.578822881878	0.327638606451725	1.16171589485272	11.084296364047
82	0.824586712211119	1.54357772727499	451.068154769036	0.313065136442419	1.26632813058513	15.1133389959202
288	0.897131334241406	4.74608669447211	308.425422764369	0.370575550115192	1.16120399237095	38.9781537357203
127	0.944581153451977	3.38267821408267	230.48575124557	0.377679881993607	0.971718443323949	27.8189868127038
35	0.854656028750195	0.824236816002876	186.459656308909	0.404533424400239	0.858225729830398	9.28288863754273
249	0.933050802443783	3.59046632006254	509.849526268822	0.329348562815947	1.30732569244997	31.6923092089994
136	0.879027077842567	2.46613551294801	389.085410226414	0.334101231510955	1.17795077395037	21.5928158146935
132	0.857713098791051	2.5409424663101	327.673845713068	0.371483479046504	1.13920371698444	21.0689646743418
57	0.869503983599806	1.23101036883942	266.383505443556	0.358502607823875	0.967729079877244	12.3868852479106
34	0.62774337121472	0.303990080390249	257.362554551862	0.357010895834425	0.98127230517911	7.39257141126714
3318	0.893684290508665	18.6865235652467	376.595352798206	0.353794374475818	1.23599266432454	169.595678426592
37	0.719877420564813	0.747159504171493	194.417681780914	0.405819002321387	0.90499754381261	8.55909839986167
54	0.685625417234105	0.55497700899713	343.840318750283	0.339179230943937	1.0944113207413	9.7164613085315
51	0.453905214486458	0.468270329074304	291.420333174936	0.339906101886016	1.10799160870739	8.655418350565
47	0.923302913343361	1.70672515138941	176.774945526048	0.435472470852462	0.765462726972688	14.5894939603248
74	0.950878614641065	2.04715683203998	212.32530919288	0.414743793567323	0.930681223453166	18.1270555329746
134	0.986319448300074	4.56501461897946	202.219609961858	0.404310263384699	0.959123009007751	36.0089296789209
55	0.834681945795612	1.09768501988562	246.985978689596	0.358823810547949	1.00407978115638	11.6261342927822
45	0.860149255805093	0.988114471126468	220.482037148141	0.421449881796898	0.917745496389534	10.8050643034188
79	0.906411134410597	1.80733945319553	314.838494349464	0.351686264238372	1.09446154349096	16.5907524321984
39	0.763334262950506	0.631759596915436	270.883016419107	0.3613792681744	0.985075734715012	8.82618882759043
41	0.97540143660715	2.00203826582862	104.871379752678	0.509983810037777	0.581000739287773	16.3399190583622
373	0.953617936113829	6.26592496054219	317.891438674475	0.353598797186224	1.15153441961244	55.8088279181862
246	0.873999592453015	3.74337928847209	367.039188049905	0.329899202884985	1.17896496826065	34.2987242512521
31	0.914992265972069	1.11627367448287	158.161077777433	0.395807978363759	0.63084752341273	10.3240712659036
216	0.985356569864701	6.00599711081987	272.793695946071	0.379711787992525	1.07364816262384	47.994931334233
41	0.69155873147455	0.493680299662512	277.720209141993	0.367556380962674	0.92880444585803	8.4752314612915
116	0.80029244285923	2.35037183483494	224.588484291282	0.38348340268849	0.978870526787395	20.1018390751009
48	0.800053535214785	0.757007293432181	285.445672726446	0.368842305174485	0.986737235644709	10.0611510139112
151	0.96166599373296	3.99882682287483	264.605001575926	0.380946507193638	1.05557321439299	31.2755778306982
36	0.909100223065917	1.06772536843491	183.326279904499	0.426675688247981	0.839348188004787	10.6467676526001
39	0.953930156548772	1.54647706500945	133.71666075512	0.520620555914673	0.670516612046444	13.8246821942576
32	0.939363550726234	1.34514841089542	138.387781368158	0.463636363636364	0.614388474457941	11.9159567028208
42	0.83921401063258	0.750884590084833	277.627626582292	0.371531939178998	0.974575842461737	9.89468351716028
58	0.992172908999735	3.1261012938157	133.98553290688	0.521667907669397	0.522205530345722	25.7510291855816
414	0.93131240323511	7.14028656302653	360.899710509382	0.360063969831529	1.20809148643457	55.4078365418381
35	0.865404706710358	1.14977584218972	139.287740488124	0.483333333333333	0.638566945535065	10.4370014421057
62	0.573606785954531	0.459775504987441	348.288820522522	0.334768252415311	1.16229130172614	9.86404332819376
814	0.753405238003273	8.44830055467354	351.247881805926	0.352917316758646	1.19829463076223	63.1123534905179
71	0.896527750079105	1.84360315296176	287.998025475636	0.415604089868796	0.991736227112555	15.8354980925914
5232	0.978254830245598	35.7665228145935	337.883586143885	0.362347472908606	1.20147204164281	317.021367674679
91	0.800687214734926	1.56533227732961	281.059782710094	0.383565975669665	1.10233486077677	15.2982729794761
54	0.902448731324814	1.53172374219686	233.959713352778	0.368741150243631	0.936461128638673	13.416380586614
177	0.935757970359381	3.18000133815909	415.436407211004	0.329726303897601	1.24315382681122	26.7791331896378
62	0.596770206841539	0.724093354562949	348.555599561361	0.322326409953185	1.13668793945824	10.1851673004753
54	0.961002604935993	1.97164988224144	173.172844586217	0.425931729240553	0.863956780014579	16.8746339988204
134	0.867049775191459	2.41499495171074	316.289986145822	0.362584430584431	1.10613969597866	21.7014440868285
81	0.898459168015337	1.69640893670443	294.174792387618	0.351635055666781	1.0254679821785	15.8828837362606
66	0.923224258006348	1.80408156390038	233.148513593422	0.383340819935843	0.98993326077915	15.6462223637797
99	0.979499845612464	3.47164031314564	196.927228961401	0.418171884953892	0.925229365715422	27.7680431261789
81	0.935963336319678	2.197722773022	205.632353874825	0.440925791375618	0.936235062269341	19.1033749428864
53	0.88891532502098	1.15168956945229	243.886501814353	0.336183225889108	0.999567637299342	12.1439686197533
101	0.960601010139183	3.11914567814011	324.376386474928	0.378845375264813	1.07961476067136	24.9515799150313
65	0.732537342935607	0.709373356149906	379.26084471365	0.322957017840739	1.17341026686263	11.0411438631637
509	0.966236847913475	10.4733217967473	317.013711414061	0.372297217183764	1.13946349670879	77.6877815095807
221	0.958318397482358	4.02879515225028	403.65118377304	0.334180183595028	1.23928342479564	33.6562470300855
33	0.611203936136245	0.410931434019026	210.026632179505	0.388576739635563	0.960800290243003	7.32153542144836
71	0.946476598096586	2.2476352770141	202.556009132529	0.429971986086897	0.902046720890558	18.7322235222137
69	0.959711317586556	2.45222633381503	171.400016330087	0.517217263912231	0.821262929076403	20.303368156246
86	0.880638292851264	1.53373157219653	328.87261890241	0.330757259713349	1.17681419508923	15.6637331280698
81	0.959449872631024	2.44150957922997	207.378022742686	0.386525860435895	0.974680392616522	20.1635846952172
45	0.797400657514572	0.665580564823472	255.583788232353	0.38131857136382	1.00813962308129	9.72662876826058
76	0.619398834975658	1.39778278756942	285.121360621428	0.38736771839713	1.07821711629213	12.8594608164116
49	0.935497827960872	1.58119562948444	209.14084405446	0.415022985571742	0.895580704672372	13.8450718072688
60	0.561682883678601	0.424763521087668	383.448408823863	0.318480636127695	1.16860094163555	9.62716366073232
87	0.850728162809776	1.48528296488755	304.651113762176	0.341510854354331	1.12071367377924	15.0888415863215
32	0.96317701050827	1.70581980872138	131.370578400382	0.572352941176471	0.542997605749318	13.5537587795304
125	0.702556851155742	1.12298338714954	530.919038261817	0.326236350988423	1.33065058800702	15.3992097306141
65	0.851887661904671	1.24360436948533	238.097470965359	0.39685721357548	1.00887289658436	13.2500793525061
72	0.567403672227852	0.461595698431042	373.489341429041	0.314399309468873	1.20766431195683	10.581424458117
114	0.901223025825498	2.415514817475	253.605696664743	0.344364931271952	1.08433747886272	20.9194286047681
43	0.50357785482391	0.283225797098686	309.132738327965	0.322465987472428	1.0849938523134	7.93456163498253
37	0.599634310171657	0.51296724704164	233.03938389538	0.382270338926686	0.974001785135543	7.81117907297072
765	0.794495060968577	12.0063562518348	325.172779391318	0.357884394648526	1.16657414987634	80.9792266575233
157	0.931483121613988	3.49061938855376	212.726297151216	0.403294460070931	0.984742006073299	28.7502980014578
157	0.893226200697897	3.29967495546338	324.262684828729	0.379017688535584	1.12659145486111	27.0404942223015
32	0.636807018567433	0.421389845432298	261.001644041125	0.348299290567332	0.925066684539946	7.25147312964516
96	0.867797240780171	1.66974866696722	268.983344696822	0.356098024750776	1.13707020631989	16.6490109539085
43	0.900478581064493	1.17662291677698	207.196440998627	0.398290867981034	0.912138271768405	11.3465495216041
160	0.843613584809495	2.94968264380781	457.330758320749	0.375037161296873	1.19010566868692	23.2248054031868
159	0.400325889135228	1.01913338256875	302.693473720111	0.372860044016834	1.14569563776427	16.3396601794195
40	0.652266518415807	0.655899385647636	220.237761368492	0.369226792182316	0.968824206771737	8.46251648398074
36	0.687746294606696	0.5527661894141	248.911098297441	0.391138940842125	0.951924577002437	8.05589668074531
32	0.873924817804203	0.885930957220324	194.647403592182	0.434350216513404	0.82616774331185	9.2856384011694
42	0.796536830655017	0.940141664474354	229.140537232863	0.365287926501162	0.967071928222463	9.88342578662251
129	0.977741414399017	3.90743721423678	243.437810811847	0.400424540053791	0.989482454128516	32.3021639883153
131	0.720146089368318	1.89339004815007	385.859612224825	0.363090554075352	1.20885508464204	17.3309175844089
49	0.718031817281019	0.674120345658776	274.594626619039	0.379396242744659	1.00445193380533	9.5893989761965
41	0.558536782642918	0.3946248645175	287.32251612375	0.356957167627482	1.0416589860418	7.96880057987712
497	0.986048301313412	11.5651349667213	324.141655952241	0.36475205285947	1.1750657693847	97.9389181142762
71	0.918201290944044	1.7503359294057	234.605592123092	0.385737737248071	0.962495033268701	16.2535277247885
33	0.880056390646545	1.00260623860061	193.136255077646	0.436475351274113	0.760203376192856	9.85321926037604
275	0.779967969635796	3.77446254320532	305.478365798631	0.371750084745981	1.15603533628545	31.0419818052317
204	0.973305377356368	5.04819603663687	286.49432105953	0.359853398427058	1.06204701400732	40.4004041935503
36	0.808257235175183	0.863431701362947	200.450937032064	0.395002088231833	0.907347146488982	9.18159808298208
180	0.950792677709672	3.38774493803023	384.4213274288	0.354762866727136	1.19037438424136	28.8729082496687
37	0.888529093670753	1.24042164250443	206.654148239016	0.431210665939173	0.904330085903654	10.9027811515578
41	0.908164996902333	1.23834091816879	194.437239951929	0.402295975730511	0.881615897011202	11.4550725159701
31	0.722779920152342	0.420416751520435	234.546718614451	0.369060598096893	0.955904340930795	7.52096043333418
472	0.923434720350806	9.59020230700692	226.186728781282	0.401374745368227	1.01990409907119	74.6244849528111
56	0.859696674657499	1.09939904810069	235.985489894937	0.373662080403654	0.999824414930664	11.9950672435279
192	0.710621166227886	3.11994433288593	198.61000084022	0.409767996380572	0.955050591730313	29.1269272586523
96	0.946380865172417	2.30251183233703	260.155817591781	0.375648178945294	1.05711368052733	20.1970173622279
101	0.930816233195056	2.35535973627144	319.681982548913	0.352454025243632	1.09146736026362	20.1801167595375
66	0.890280763109199	1.68910066792082	252.159554641692	0.408889432418844	1.05089913969082	14.4403703321297
51	0.889336970321843	1.35148286077413	189.50198371454	0.394244017773429	0.907841367662669	12.6768005199348
561	0.972656506172457	9.94703872203136	386.50525402511	0.347006739970021	1.2171932320096	77.5485592726727
66	0.769572586707661	1.00060983017741	296.836035624939	0.351838943015414	1.08040358338525	11.8826934304526
197	0.907695669469	3.40630534913277	538.030250324505	0.337256587947352	1.3154854617105	27.533476212876
34	0.882093301778897	0.822011395423406	166.98566387419	0.426625853961494	0.871618651514542	9.54546843152013
102	0.836203700298937	1.84921710483665	298.562784481744	0.367180326884448	1.11617959601542	17.0309414070613
87	0.950453900117932	2.29958781859321	222.044980582573	0.395598103699423	1.01224173059935	20.0433622652879
61	0.737827976758753	0.721399859360588	320.147353549537	0.350918185153479	1.09327321999915	10.8047849490688
42	0.791774591074745	0.793430697657206	216.75568923985	0.391767637209936	0.986067876658834	9.54531122101173
50	0.776452776131931	0.740462423886713	305.089897934723	0.403327326301799	0.975735457225569	10.0671094008882
39	0.758974687290638	0.659959989986347	215.082254941632	0.374822801812421	0.975066330119046	8.87828520033883
39	0.818574217292297	0.904334693649338	268.341688933797	0.370866817427136	0.928170916836095	9.67570125161151
32	0.83965437824551	0.818210234649972	156.761384840472	0.469904688552999	0.826159615655881	8.77588283876962
65	0.965030980141961	2.24575757030834	216.66083115903	0.407784304917028	0.905555473623729	18.7441771223366
110	0.921033902573829	2.01271186618533	353.935940868205	0.331874108407778	1.19211529392357	19.268271819533
66	0.794469746555979	0.950141362995127	314.994786031112	0.35088868095708	1.11755088560695	11.9988668908567
112	0.985924402107654	4.06264094184614	209.670012890688	0.389301051413274	0.960476906777671	32.6336590789991
75	0.885812042692742	1.4724341043666	289.226884246651	0.362838990611411	1.10151051874461	14.988366720419
66	0.61492739393758	0.56779775432613	359.940781222549	0.346431083829897	1.13276109407519	10.4172625143607
179	0.591410645428163	1.79806626995636	503.611670531578	0.310306111889822	1.31743020490474	18.3797298720814
498	0.98766157271431	11.385849750703	285.754727296625	0.372433498054572	1.11301002693667	95.0126681905108
52	0.566252878050184	0.544891460604958	271.353718968276	0.350557830163325	1.07192615721656	9.12311980706444
419	0.98356913010112	8.47925429971895	371.173920651411	0.338881764110706	1.24457722687005	70.7828870419519
235	0.883558597583252	4.55069987705696	294.856509261306	0.362106392181924	1.11543428553403	37.5923870006917
61	0.805103811865634	1.43309399905129	253.706111637069	0.377220573753082	0.986655782599751	12.8824878302255
186	0.934512926016892	4.03178673872289	325.048904532182	0.350146240108735	1.1625921074671	32.1602619797782
59	0.818072431046464	1.47172809975088	319.217899650911	0.371324206039732	1.05950931146461	12.3064676206998
45	0.884660604645688	1.14499673953097	221.726873522011	0.391467458941507	0.866841728986213	11.4552421639401
111	0.671035925408778	1.65075368512135	297.613780674909	0.3702725965194	1.10190665158969	15.5254924202356
236	0.781656355863563	3.79311103799839	309.792227424779	0.379728676553113	1.15507409839678	29.6081745238975
43	0.911014516426914	1.20312856718458	213.40292155943	0.406199851193115	0.9389217265321	11.7058545328771
150	0.874916199815204	2.25903339868167	428.902225343658	0.347125965465066	1.20374585252828	21.5510139506413
59	0.807970517660175	0.876799332416949	283.374211556184	0.368149739105621	1.06396911797719	11.4091485263338
424	0.970250069014637	8.49687187719763	323.132470337251	0.346718149168442	1.14994884606413	63.6374030873332
51	0.599478940412857	0.380867301245551	413.284203306666	0.316035427020544	1.08701630387778	8.96179253778006
42	0.830703031016349	1.00093854788595	209.275722679464	0.43405629611512	0.94764222527951	10.1603929368865
40	0.903898137026419	1.26967507588752	201.059895895488	0.450230111768573	0.801998029967612	11.3710981992397
44	0.638297872340835	0.455759288285529	256.628369052503	0.365611211654377	1.04402349846698	8.54545454545335
55	0.889663054810605	1.23450709840591	240.102329643654	0.39215475422372	0.982488439806729	12.5551462607278
216	0.953755005145272	4.43044789761396	343.084366364869	0.348076479132079	1.2011386152383	35.7196546012834
207	0.990903248442642	6.87078388949738	248.725489305635	0.397594145560019	1.037516606947	59.7859511951839
63	0.87262483873817	1.24579484679203	254.34961523849	0.36287122777995	1.01121213459189	13.0102389138139
33	0.952289462723962	1.5849880664849	143.934454800903	0.536569313039901	0.709749004055345	13.3186826520273
81	0.587184240628235	0.915643329433329	361.575068884782	0.338304624161025	1.17643501877446	11.7092568728083
43	0.886845788410591	1.29331838840851	207.404573461524	0.396327872798461	0.959743207166639	11.4184311606879
45	0.535921393527483	0.336855784959306	363.884317002974	0.341436515701221	1.05731750804695	8.23650411278055
67	0.848211560851839	1.23010242768849	273.074069194356	0.351807052376312	1.0738295047848	13.1743204195689
62	0.813498735745635	1.27501828809521	225.193312948137	0.406557454392629	0.993670167282863	12.6165899111181
210	0.52263250141313	2.45780351914876	288.124775728234	0.370062755516994	1.09933792608978	23.5832315285712
39	0.72772239979544	0.731313763968397	210.591082849822	0.372239207533325	0.950865345492437	8.78669670680579
313	0.814416046134669	4.43463845899132	336.51235677905	0.365387548832689	1.16979525990396	33.4429165827454
413	0.722514966047856	4.41719406563504	346.810746099854	0.349472361761238	1.19836822344696	37.6997816317417
87	0.866678542168105	1.43359317156037	348.240875731042	0.335978712368165	1.15173323702146	15.1870346423682
177	0.963726827495636	4.16524041024239	342.107993473978	0.364469530015749	1.1476266432351	33.4152140937836
1984	0.992774016211648	30.545110239391	289.618652430953	0.371354493198517	1.12658700411135	271.932662663063
117	0.981602070636177	4.11904151358196	176.496404912217	0.455226824457594	0.81316611153428	33.8792585146339
44	0.839863135976687	0.828197281063083	242.968990694385	0.372285625784982	0.99709435260557	10.1868835472538
127	0.433064754664298	2.41458233835987	216.342787467409	0.431386599406904	0.930377036995524	18.2860461517172
50	0.960500507758122	1.93874498683649	157.189105738527	0.49434707794277	0.717347259714953	16.3696625723773
82	0.838189275032207	1.28434906788196	349.734389272716	0.337112718108193	1.1683711847903	14.270863663732
232	0.945381628389461	4.75180644250004	258.950093372879	0.364025513698716	1.07125088442112	42.1346656817152
53	0.801534323439823	0.903359214242047	281.181372622164	0.366543624671018	1.01364568194737	10.8952999892514
55	0.954713654077032	1.87277006944906	188.60892861881	0.454883283118577	0.881892223545077	16.1495605623127
56	0.949525837668397	1.94077398211653	161.056916682311	0.423838168751664	0.861316262441549	16.059352427365
146	0.951022657918497	3.0243945200661	361.09375220217	0.349290977526272	1.14671155033723	26.2006473419081
125	0.937337213101412	3.61585226785505	171.208801926507	0.480038006295694	0.854412031959322	29.4656079439073
111	0.900390570920662	1.99768940882736	353.972092850908	0.367638146956044	1.13577277459811	18.6807328710333
365	0.789408143999585	4.55731353802807	359.346388343863	0.345957193875238	1.23459417468747	37.2669569086498
1159	0.92447298187107	12.8489038214582	398.829773596373	0.350961028390857	1.24153865837245	114.19543152571
848	0.984285220729751	14.6909630256868	594.392276901866	0.340041491886602	1.3819182383402	110.408803996879
38	0.881098691883659	1.19755499283956	148.620173940146	0.382899115987351	0.857529522417685	10.7915164679857
338	0.995295632488029	9.81116557615329	289.732243757924	0.364475018742922	1.13110259025562	84.039713910892
113	0.890171706112624	1.8601217025032	343.059688132613	0.328694432554727	1.17499391341627	18.5776155579197
31	0.80606987266714	0.636572533844406	185.531566598728	0.403725454748473	0.903052064769696	8.20666741813096
99	0.985499749251854	3.76565052402797	209.830787535883	0.403535888077612	0.920774414698798	32.1824312244264
177	0.830706604908229	2.69661041764358	418.463823467437	0.321636918491898	1.25934765480078	23.368684698921
121	0.978080463096877	3.95151457362384	208.995192907642	0.395459002894297	0.92109142660906	32.2870432979402
58	0.855433895973921	1.45547495999068	211.025046969225	0.425761316584846	0.899320341170003	13.3575393267533
310	0.905403368573757	5.47169408547865	323.286018081682	0.368904989652207	1.14790388791064	41.4251190755221
111	0.973742075316366	3.340134821076	215.539413861091	0.383020308444037	0.984229155022033	28.3447136181948
83	0.978120608115464	2.95603486439089	199.016573599761	0.406626459090688	0.911869340087469	23.8247135366123
129	0.965938968995546	3.22685187217328	276.807062162044	0.361079059304573	1.02574341076655	27.3998408270405
188	0.63981842050035	2.80704740225539	305.477615357221	0.368433636680171	1.13483906623327	22.8017510995164
301	0.438760222015508	2.46370887703581	601.931163536829	0.308639540551721	1.37734213090938	23.0263634590728
35	0.658352235683977	0.630720997757058	192.171502583571	0.404317678901475	0.945222416689846	7.91291843724157
50	0.986820381744965	2.93804642642851	119.17263233357	0.613199426111908	0.530815924054346	23.3103308926964
79	0.923985963930982	2.22068196111043	246.28087194501	0.419281386867425	0.934915349240722	19.0031550316415
34	0.934019895424713	1.23918439611128	160.943023100338	0.449357674104124	0.674705607367703	11.2243330881457
67	0.900505704965567	1.93054878527378	201.845967865134	0.443095367044947	0.854619844855232	19.2542966785682
36	0.866443430727217	1.08347813499977	159.573544950269	0.44927386339151	0.761183715733909	10.1859677788269
53	0.78245594904284	1.01027983361432	276.058227145988	0.390058497411439	1.01757691013969	10.9370726648682
78	0.955766722586253	2.34246232348687	206.850976139712	0.424823998206351	0.962069246065469	19.7473321618779
98	0.833360894901011	1.46228247163154	395.916625878267	0.339031600608572	1.18486465474186	15.5992343276608
79	0.840838532772165	1.14935000669948	363.268277576102	0.338773852009146	1.13397466643649	13.7021046755297
639	0.967447997826961	9.6050484711704	395.065025645069	0.354296992667278	1.23749674088558	78.7489810550108
44	0.675501957252147	0.472410661998696	276.071800727295	0.362220053967832	1.04987059941933	8.70863098993905
61	0.683200806850741	0.64135260185944	300.825861323708	0.333776690717867	1.13902851157303	10.3871867857212
41	0.914483394147139	1.45594377826342	175.737591782544	0.472761699130867	0.776441228004659	12.8460437671802
280	0.984058227236473	6.22785621326409	376.274329043292	0.349340915069815	1.22582616404313	49.5415062571756
45	0.596054701462279	1.29325438145719	159.518997354529	0.442720678014796	0.723947276200554	10.1823376490917
312	0.979101271001269	6.4468203862921	318.060905563223	0.352770767592531	1.1489658369806	53.1232236258093
121	0.766969172205406	1.58440801069865	456.474850729465	0.345526364452196	1.28351899072654	16.6091051683782
72	0.938203054176097	2.20090403006647	174.666440005204	0.402262823909883	0.925329988614756	18.4454842877704
77	0.96820462604022	2.36974963879577	216.300113495001	0.357762977724405	0.955299576145266	20.3385366274094
100	0.830863420766271	1.39460722080824	406.71653499131	0.342221779702259	1.21156721449393	15.539967275817
41	0.779757548042909	0.677770738220162	224.98575477115	0.369299254005136	0.963815542346599	9.21702242959043
244	0.84430278195364	3.29660632104955	447.638401625855	0.329019982173263	1.24931296473344	27.558107351108
174	0.967901037481892	4.19194002038515	315.889607064381	0.358622453943078	1.14348243951021	34.1390177541615
71	0.608470907116722	1.34035596666631	250.657812048421	0.384905381001398	1.01030037820655	12.1624323564895
78	0.708747869126781	0.852713131446372	368.630543738512	0.357120359554437	1.12961951532523	12.1707390323936
166	0.984792915923744	5.84839152345245	191.621406739614	0.440264576767397	0.904558446215393	45.7188788681079
34	0.806356984117037	0.770236575233653	192.189718448012	0.413498730693301	0.98486750056347	8.80808292523057
32	0.883547393051546	0.841316400508285	181.613441596702	0.44553769134495	0.842746376136682	9.33334822561016
152	0.983357222428603	4.40565617701373	244.57832600196	0.363804504767503	1.04620093211867	35.5303620631132
220	0.93620923425994	3.95913486693494	318.654487683332	0.338297531970028	1.16439671896943	34.5128333725963
454	0.951715567871386	7.24569038539737	424.641904840918	0.340932465964724	1.26987475892806	56.4195952937108
82	0.862183093496264	1.57780243090262	302.555511910274	0.364824915413151	1.02437753150915	15.1715737175688
83	0.968314771612477	2.68801112757218	213.078097590951	0.424237691458168	0.978930312309838	22.1796799356733
79	0.895911260726792	1.97253912830836	293.79282348335	0.377023592069292	1.09572126319495	16.6835551967884
182	0.970215328618761	4.34357633242125	407.113560431964	0.345435872883644	1.20394905301748	33.6029381050952
289	0.991357799467457	7.93888382758012	298.93819901762	0.406895008903617	1.0600624053816	66.9818346438672
147	0.91197971870445	3.0774537494489	458.250664820729	0.303558076620198	1.29931601256701	25.8944279146196
397	0.695464121052072	5.01350897309455	263.140836205773	0.382990259429051	1.0741082418002	43.9917406636091
540	0.889134738610553	6.72179188020539	394.588649359474	0.3598856680392	1.22453142566415	55.0600932289448
93	0.412746635366311	0.629215648477546	475.562540955747	0.344822382083469	1.22957330787491	11.5829674799815
178	0.961715833419318	4.11186442038859	334.727436100528	0.352292955129975	1.14293895292856	33.2613654385101
188	0.735660784089703	3.32197804743551	280.716844972088	0.371961770938753	1.08904874221628	25.8389922829865
1737	0.953579484226545	20.3135000923956	338.091270605074	0.354204911324208	1.18930425607294	155.828641365071
98	0.68513784464178	0.921996181347037	423.305571885768	0.317521228364602	1.2409809586627	13.4354118005392
31	0.619750471583442	0.458022457488512	203.853145489588	0.412510966603038	0.899150508662947	7.1588405699035
229	0.849516880221886	2.8913234010353	481.336016402836	0.334409758219986	1.30331741876022	26.5293317470871
165	0.986324717133766	5.51910395824829	234.766173558123	0.403129376315745	0.992087950363201	41.5035896532128
276	0.981271831963252	7.44999063355682	237.900969998632	0.388262914787101	1.03559590541777	63.2099845153461
44	0.848611777330729	0.895906007578762	214.899032350726	0.373442511441653	0.988946929924156	10.3729673179622
556	0.842429778214615	5.87017222275722	327.446433186364	0.351887096192079	1.18058306514783	50.2818437959403
370	0.988531560728863	9.03920084751525	312.0627854075	0.362149116131417	1.1503088803228	70.5085525230978
35	0.892177264325609	0.987410912446894	158.045931002838	0.372639485987902	0.873042164955852	10.04314923863
65	0.50553729521677	1.27142879028207	250.010666272876	0.407530594338133	0.966725643062884	11.0826445015493
119	0.641987732424746	1.98688240938837	290.259556848546	0.380571352336058	1.09091093543654	17.0599676117909
33	0.956061930815959	1.55433776668489	169.012609793668	0.557964309319233	0.624871113650534	12.913771608692
540	0.988561363691298	11.7697345083006	318.695603628475	0.352905770533351	1.15148663445324	93.8467788721634
100	0.903760992486176	2.54795036844129	311.532008760571	0.37144399301262	1.10386315961654	20.0987064978753
313	0.924681561061171	4.89993663264343	285.795042391564	0.373523697631144	1.10624314767881	42.4614867897092
68	0.819265200011476	1.54793760819565	210.982774614226	0.403535341881624	0.990932679468479	13.9695741688535
107	0.895961123197293	2.06560541820759	305.257829738658	0.37098459229986	1.11582385191558	18.8304134421037
35	0.367858891386041	0.499003075418565	216.132457896835	0.36600866212409	0.938578783007798	7.11736139631157
604	0.832788898313715	6.75460347913276	289.365462799822	0.370848495194006	1.12790243227995	59.2069739716183
320	0.978582993029723	7.59265307543467	343.849670399886	0.36461491017822	1.20133568008939	56.4674669343424
93	0.947243875666998	2.15526333188764	288.719686365007	0.384498826652496	0.879183030591435	19.4648365590403
1194	0.897000775650759	11.793698926605	379.365759769031	0.344320555756784	1.24345048914798	96.2305330885157
98	0.862761849035502	2.30134514724584	232.231284069141	0.395138124549889	1.00115253178386	20.1602102313234
32	0.600813244422138	0.413406905468094	234.055903582028	0.394497778321308	0.956208706179916	7.21990832232852
38	0.902897216115871	1.23593274423208	189.09956242391	0.45818759936407	0.664622374479422	11.3014927888321
63	0.95358863051527	2.15263108249603	167.230534770329	0.452018146135793	0.858462497562423	18.1633766069053
320	0.922078466634998	5.79052432230734	276.775808421698	0.386596178596179	1.11018565014294	43.6218638646556
133	0.813823378345752	2.48516206447494	352.475072457472	0.358786785169878	1.17010341275958	19.4852863477717
102	0.945338513933588	2.80305131587831	254.414148286568	0.392596053177115	1.06925963186755	22.5791739414907
55	0.706463726129836	0.627208688438132	284.456406057734	0.343623038595106	1.08932286449969	9.99179252800542
133	0.843380107102737	2.3100653478442	233.389615709354	0.401395532298598	1.04754814434898	22.0009135261616
126	0.520118857604077	0.858850788635331	540.941030245911	0.308706676704518	1.27913220785312	14.0560729929515
170	0.931441847311669	2.92271842553322	439.439615281906	0.315629808043878	1.26309037625368	25.517377513475
225	0.995741631296127	7.85361078770913	230.492983593833	0.393383556641475	1.01869806792965	68.0097583166312
46	0.838402281175701	1.31612565605661	152.202540771874	0.444337285728441	0.828381294911833	11.577289230987
88	0.902842445996785	2.29478596766618	181.322221319727	0.401534318877492	0.916543925083519	19.4905334306585
430	0.967195373018363	8.39177585103025	363.685526148176	0.346431129624407	1.18250821603418	67.1340847037399
31	0.629056773205482	0.419559996668971	243.798923640289	0.395859090735751	0.963597058808272	7.16302419999752
114	0.909977335827134	2.56556983964413	238.676086005355	0.394045072444301	1.02088343948623	21.7036169654744
138	0.923888117668352	3.59469569727959	174.51918014662	0.450495969447068	0.885348144039533	28.6854505545487
73	0.655896826794571	0.857317114889315	346.672458718262	0.331266291159339	1.16066983047715	11.4798780734435
44	0.884007846932995	1.03615621500206	200.61153960651	0.363071096116079	0.956155781776941	11.0290948037086
45	0.806075330642261	0.891095978076016	199.298658012478	0.398909631646204	0.949631443193677	10.211638468917
652	0.960138694410956	8.93967569998082	342.711129313802	0.354312753407776	1.2016828753335	76.1178525856754
31	0.962275517985484	1.45303836223478	122.404427566061	0.482926829268293	0.565566295187083	12.5522986351748
401	0.945551659141847	6.95424691390831	321.501371745524	0.357966416867858	1.16943632097059	56.5651799384771
3245	0.860249071427002	19.282342925659	359.537326318795	0.344727628396233	1.21993164576338	165.585154653322
442	0.97908718771551	8.15973369545182	401.769405458633	0.336394523479767	1.27048358398089	63.7832857106807
91	0.711537819263914	1.0068297988442	405.975777555463	0.335719685719686	1.2049657273174	13.2582139879666
67	0.950844498212707	2.33179895147679	182.898285204843	0.422547221163138	0.858117952027046	19.2145097027533
659	0.945398046366233	8.71269045684616	348.336631230287	0.354666007922823	1.1895553780733	70.4492137971534
250	0.926968161089088	3.75591894507319	401.783228414701	0.347157055245291	1.2449452997621	33.3359717333268
148	0.581519852441265	2.24066748105355	258.08718989261	0.421374513775423	1.02836917345145	18.3040221956248
346	0.959443423758231	5.423244528556	481.573146525037	0.335296273410432	1.28303825549988	44.760229382788
188	0.941205746287996	3.83338731265613	297.797701147505	0.351955851381029	1.07195944390894	31.7205471964981
285	0.916591593977496	4.81568747278306	442.799311814575	0.331662523351021	1.26565302490399	38.1393038409144
49	0.898011005524987	1.28307164036848	213.101792461716	0.424717133423016	0.904499691864056	12.3449215581325
70	0.932220909700383	1.78405874667901	233.824180642841	0.393571909013085	0.992076646384614	16.2337257935847
89	0.919046830652075	2.22581798260368	239.907626137942	0.399277470073562	1.01885505340518	19.4217362993848
968	0.888052570456329	8.95396477376656	399.277042638028	0.332732404866138	1.26818628713599	82.8796360636409
108	0.924521755466819	2.48379663766222	261.594814158564	0.406385907269093	1.032217960104	21.2213498257614
539	0.93534958729734	7.12664875896929	360.569203619816	0.34797842203696	1.20199224123173	72.1496295379831
98	0.756123745238558	1.9323636130896	306.626569064354	0.378542229657848	1.11540435895428	16.0265964012969
357	0.94585798656167	4.76231492004195	554.436653340995	0.338327005006231	1.32852823398071	41.3485393955943
81	0.654563515385927	1.40157705453837	302.443659724855	0.356829668303611	1.12307323201027	13.0292675184553
53	0.941578327731152	1.7856964537867	148.771490057986	0.508597285067873	0.728594311298673	15.4912095815704
368	0.766089862932326	4.803025753924	313.819715411855	0.34953579806521	1.17395939082115	39.4162373438881
53	0.744108868617368	1.0952260470961	238.627589307515	0.41939166493479	0.954765580359228	10.9774419642874
563	0.985435995254643	10.1495672887574	384.386425226435	0.346527897411161	1.22420346056273	85.9499622472359
466	0.94123781486027	8.80717220159645	240.336380443076	0.381460113136988	1.06052157216565	68.5657776316094
164	0.662820620455111	2.55874257911574	294.445061306681	0.357764852999819	1.1136366711164	20.7216732653335
395	0.800958337116944	4.11167683502692	413.140454746943	0.349325941325941	1.27628722092717	35.9934717931205
36	0.784250965001742	0.621269651431788	225.268085777653	0.365243309949192	0.955278036758087	8.6016035705372
229	0.905332312561581	3.81140754577865	370.295450757181	0.348681223242156	1.21472421967293	32.07655811609
369	0.87224783750689	4.73464069412833	315.26634410145	0.353142586984153	1.1509738938005	42.5535924453055
63	0.813330873889171	1.42034055603845	293.924107617603	0.389809103036932	1.03672866094436	12.7870784163243
62	0.87484424784305	1.64201061777411	175.85335062391	0.38890080528516	0.912956102361874	14.2258216001685
165	0.927964723771137	3.16030414241273	424.117325857803	0.336572592946887	1.26921541740525	25.6063112110313
106	0.66621651338181	1.63254822537038	277.388898876422	0.366472362562128	1.09744643626459	14.3027268463866
91	0.898589222594373	1.97314628340548	254.090875468903	0.390403124783093	1.04583766256	18.0882236789079
63	0.9476200283154	2.4306540385252	174.063288361913	0.501912914203417	0.783238498369644	19.9131551465068
39	0.916274483952435	1.20081693684231	164.014163521545	0.413902324855672	0.829923113097232	11.2847278072052
929	0.955981960263602	11.9466184525822	355.148219885513	0.352374262571594	1.21222048182487	116.421787715573
58	0.721806869537072	0.793859441505137	265.894504217393	0.353880110012776	1.07620114411172	10.6264651019721
402	0.906320716797745	5.5721106824956	402.568192885913	0.337659388079557	1.24935435756138	50.4883366236441
71	0.90817773878753	1.85387909685574	244.527584677118	0.413316219354741	0.972188135462349	16.0207490540099
2375	0.982116418078414	27.1145499721559	355.412453428741	0.357425831830711	1.21973587726551	213.926806945336
61	0.791701103579787	0.920177066359355	297.63175293372	0.372556303461051	1.04241573141395	11.4296762311634
45	0.641608498656102	0.767126885927597	219.493092046695	0.381636508085937	0.984048941834736	9.07679091457794
217	0.909199401147782	3.08347946295419	587.699655750095	0.335423056219721	1.34078951774884	27.8579677414291
34	0.816402063290431	0.714179095930833	180.422051137855	0.436163950270175	0.82959556188095	8.75985515294359
34	0.770985862258248	0.589686542011076	224.666254315519	0.359350805730896	0.898809422288869	8.18651644499246
125	0.94383083825583	2.76060516232659	375.076246709191	0.358707976268952	1.16198868815006	23.708700073265
133	0.959216029787487	3.19619908184214	285.848620587064	0.357248004602965	1.11974492512639	26.3352936059725
751	0.701764783286069	5.67380800555387	436.802766658429	0.333736607425829	1.28491379097595	51.4370342799999
112	0.84456001818153	1.66950199928125	395.467701489742	0.331370210410458	1.19510393650882	16.9353703731904
38	0.856216267834985	0.852727880192041	186.439291238006	0.361033892372635	0.93765064124343	9.69594933434199
50	0.6562668355433	0.474441320706775	362.72423274235	0.345704226096383	1.05478415107203	9.17132456664614
45	0.763374682338692	1.16153369069124	148.036771319823	0.389955385249503	0.877976265681203	10.4292117678327
76	0.852911590541054	1.53905119865405	327.129751542449	0.362047255492633	1.08678612046823	14.5440516270483
192	0.859122132699772	3.26091619736746	266.012951459319	0.375863914430209	1.06647592012085	26.2454334226187
410	0.964903717457817	7.06179384066873	393.49425637769	0.354680511856983	1.23459722779839	64.0513949096991
864	0.947087333543458	11.1179933768352	260.489585857332	0.384176244439268	1.08302900971969	100.90594119629
59	0.953728361219	1.8416041573786	173.606498683354	0.417737209058328	0.865209837982833	16.0860452148494
473	0.943908504134353	9.3581903651417	335.96188913078	0.36512293746582	1.16580054565921	75.6871789384457
84	0.834932471967314	1.70244428997522	237.288588415426	0.37968592283781	1.03418836604662	15.8634020322132
83	0.966798748494497	2.56142106738806	198.370961246698	0.430494800606088	0.948415078220279	21.1935006838711
218	0.97557643031895	4.8047093753646	310.288040853454	0.355466979530404	1.14143424141861	39.358518931434
165	0.91107306779747	2.91252819335028	381.497700400576	0.340510383394634	1.21380776102047	25.8321102554349
37	0.803423078507655	0.838694707109512	213.971285945077	0.409928088783415	0.95454286061304	9.14573154958372
60	0.943797719334072	1.70972102052392	206.589714989789	0.391523505018315	0.936817752326562	15.4193101221529
211	0.939515698297846	3.92245951510878	361.670448656181	0.341157420581457	1.21629580636384	33.1742857941308
38	0.933118043484091	1.47657098642512	189.501381858627	0.474509803921569	0.64930612723891	12.6712147416412
125	0.744128183406254	1.13863727840953	508.585518632997	0.304661670019638	1.32148573697645	15.7024212230289
66	0.808584220245773	1.38932085224565	235.45604646628	0.392787565542983	0.983606119513436	13.1558904972347
35	0.726335082313146	0.56745054893212	238.174093311444	0.363518370995006	0.948191260322511	8.07233165223146
102	0.941949070299997	2.42332131872378	284.474743992991	0.368257553116585	1.0351741341906	20.5762914852327
58	0.850597285761008	1.18606824274596	272.27036734079	0.409712422436208	0.944050365202632	12.3849312767205
61	0.651364890178793	0.687285721920555	309.874460669458	0.351141227611816	1.13634309118122	10.3323863286396
104	0.273056974196588	1.179457094947	373.175701782145	0.332461481694585	1.21761878181909	12.5418602867617
55	0.877112716069113	1.19666378977669	255.395022321231	0.349425568492506	1.00523331241272	12.2840430637852
118	0.201518246133879	1.57417130944745	344.739630486216	0.372707045396121	1.16605832089848	13.9537767629781
118	0.910349496844841	2.75194440590166	234.699942252947	0.399778386058069	1.00953815158908	23.4593195322534
248	0.93177070389766	4.77393923026777	354.724323255872	0.356734824035231	1.19648630209974	38.1577323392433
35	0.764837664818423	0.650809214851474	233.413197919134	0.369971226242037	0.960384892517621	8.40861618016386
36	0.653769105902855	0.399738241129729	246.025135495066	0.362253387054659	0.991103977374703	7.78399738244781
9081	0.965448685670093	41.9770261733924	344.30857031426	0.353597296898482	1.2122098038929	341.820403598436
388	0.979372703807721	6.88711737536936	458.666393485421	0.305791342443257	1.28404419657947	55.5024383275671
203	0.86769724895246	2.83538839666126	346.388162075229	0.348522873039833	1.20250340976367	25.741652054073
106	0.518065999392432	0.72151000066325	514.320815514795	0.331972659552216	1.22474273449437	12.7830291589462
214	0.943749810755745	3.82754954940414	378.822191346941	0.330286526252913	1.22330792679871	33.0091777532041
104	0.940574632497837	2.53101659543066	218.566003744583	0.377652306226228	1.03325688983423	21.7127007625364
129	0.884784898692635	2.08507435135588	372.361199828286	0.341451632628103	1.22048561283672	19.9730608191301
102	0.802331852820667	1.09729730807272	459.19646163753	0.327018932479913	1.25792596121854	14.8848128536901
87	0.99105908393334	4.09807941939179	124.696230588828	0.503354399611084	0.588717773616406	32.7993146382961
297	0.94987912037339	5.84113231050619	312.430032547591	0.353807177170889	1.15371466397682	48.9064916713431
31	0.827224475495964	0.840134514703914	149.915872875215	0.469991772932949	0.769845392938617	8.83184076154853
99	0.868758737365536	1.93285226485967	289.062878226124	0.362514745863162	1.10766901112467	17.4301532370629
40	0.940437941379863	1.53679982160393	225.48402078955	0.396153846153846	0.771840150386204	12.9771415958389
70	0.981287174148052	2.75705032976586	140.713940822511	0.432769010043042	0.643979448359044	23.4011808983186
338	0.741808213253017	4.40533795276182	321.918180621228	0.363883761197332	1.17632455321755	36.5684871688015
37	0.963281527182395	1.81655660653467	119.532566560478	0.598336304218657	0.502402118993968	15.6008538489579
54	0.731585852765892	0.89908111505331	236.053327550491	0.394559653383183	0.987756926917087	10.6244903273458
58	0.794985648018368	1.23196673216729	223.880671881002	0.43040221291765	0.932404666735537	12.1799506199311
431	0.842407691819644	4.70257382088238	306.261657743904	0.365999706527537	1.14334545367546	42.9273264853143
101	0.638414840484215	0.983186686556734	426.740755540252	0.341234801018715	1.2374135305311	13.4165233200254
315	0.750327304245325	3.71576510549162	453.516443148779	0.326888359693789	1.29869498270873	30.8976558478133
125	0.809520248455912	1.33751823165042	528.658423284747	0.323932218417513	1.28531419246606	16.7546875554663
31	0.943875998093891	1.33324109647396	123.438900742354	0.497094259390503	0.558894638115938	11.6582553088546
111	0.856351082200736	2.25183345267441	312.565962870811	0.37402836210071	1.13153395721779	18.8805695407893
50	0.746129240535462	0.667667674287156	287.568297398856	0.376608169255228	1.05903564363723	9.78338260781479
497	0.799686212291413	5.21549304068916	402.7582687614	0.345499885545134	1.25875721689354	45.617991802821
112	0.808444243972476	2.05185991562533	271.468529404929	0.342952410165525	1.10071345347049	18.2631025442265
36	0.861233428303795	1.00552430311794	214.272765982897	0.42499344852286	0.822744755717175	10.0659890371244
444	0.995382457906062	11.4638981764121	312.427800038258	0.355382146564527	1.15411772338249	91.5001501891478
37	0.908945869096305	1.18981808431101	155.577748032003	0.424459527400704	0.808876607317705	11.0087742578421
146	0.746401177588906	1.90726774888253	388.558681022718	0.354784088901736	1.22604348104471	18.5901336691554
336	0.875391137502969	4.57095903672625	337.644133878903	0.344005316547498	1.20454870158609	41.1565885805218
85	0.967597834799296	3.01488254580299	158.946742082561	0.436976353433209	0.886796988330666	24.1381067661133
203	0.945803953445922	3.81721068570895	291.44175457596	0.37260884769282	1.13094855193191	33.4719402504362
105	0.653353078540725	1.2060941764672	242.664840421554	0.392282704810252	1.02153040626709	14.3620538188156
42	0.723408818549022	0.60025208412521	252.974649622433	0.391471517111391	0.996028788906899	8.93523167893841
161	0.885506607544841	2.23718442732938	477.503459030028	0.317926850573909	1.28270592580638	22.092059096643
376	0.619263574196434	3.59362877270703	398.813123243851	0.346428098924975	1.2186165394339	31.577804409472
32	0.956841620373949	1.4749345355671	118.407099075068	0.559507523939808	0.625359017809965	12.375736531563
802	0.951557964778449	9.61528581846343	373.130022155989	0.346528456972062	1.23544295838209	80.9080998149547
8133	0.792718131371986	24.3522806131231	370.213001260766	0.354902631091458	1.23779885936163	202.885611699608
246	0.853642381145811	3.88490387759621	297.685575492497	0.374434589744432	1.10912579591589	32.2452436575417
36	0.691341599618545	0.571446243406903	205.141525528136	0.399036904811325	0.928945210381661	8.06548843076006
309	0.960046463305239	5.27277732933989	336.605714482199	0.364037466422204	1.17485916066933	45.001916210154
336	0.911433585802694	4.70020908525276	357.098283618842	0.349629769651691	1.18490118980117	43.0036275029916
222	0.94438736063598	4.33984043010838	422.214117991146	0.340844571327376	1.24852121750317	36.03322276751
50	0.888204217723243	1.17760619999071	262.851023522872	0.38043479107548	0.881420975614473	11.9139067400684
45	0.983717417838559	2.40264706019464	135.116627003967	0.602745098039216	0.5508680688769	20.3546443560622
38	0.595764840495993	0.479922533495829	211.884220814858	0.396571371232005	0.948882036309553	7.83070901901543
313	0.996132668906351	10.4948142495589	241.862496283641	0.395160740645413	1.03082962798058	91.9787692120207
53	0.752718420207217	0.879702362276207	314.601511720452	0.355877257347845	1.06554564540905	10.45622738073
209	0.958107887999345	4.03292998118448	400.215212291894	0.326155214481007	1.2150632179254	33.7391794559825
40	0.812152999981706	1.02254481772824	170.247988370343	0.446769839157382	0.840329460623791	9.9917621535236
48	0.802740375550067	0.817807189972108	232.246837112734	0.397945456768986	0.998610515635737	10.2337462967347
109	0.979146903458847	3.82727425565424	233.384954025118	0.386053235898437	0.992121292216678	31.8711760996869
222	0.844591456870334	3.39707881392078	321.632328243238	0.369809432315681	1.14588558211373	32.0933016509837
164	0.988321826771009	5.36293219933087	212.744068920719	0.40740667849554	0.943673823397537	45.5723546495529
70	0.703450233105879	1.23675063881649	261.989233933153	0.377482394839293	1.03859076669366	12.4948660249451
203	0.827996414045015	3.49879224930456	590.977707028412	0.338167788046113	1.37168882413982	25.3707985967499
95	0.813380592632368	1.3867615821852	412.339330410728	0.34101251143374	1.1970129029536	14.9476620180349
42	0.797493936259718	0.751240133005351	243.119532638487	0.361131880226903	0.98338314023125	9.54123725172851
41	0.856978681645251	1.0722510506198	182.254735273918	0.392045505388404	0.867478660260906	10.5836559687177
188	0.958305309136971	4.47363887273137	292.608879499705	0.385350437362821	1.08780743058443	39.756937576366
132	0.966529265576264	3.35748064103538	242.363327350782	0.371688826835886	1.06084829489231	28.4315559706533
166	0.949280848366689	3.5121108865103	335.08879167054	0.340650539488854	1.15077630580386	29.1842276429452
40	0.61862977006363	0.594549723913638	228.639077515844	0.378077253872818	0.908529335323375	8.25909018162436
51	0.918327533298257	1.41722689858949	164.011231461137	0.413008319953291	0.872467174284928	13.375965195043
43	0.939478517217826	1.72603186216838	157.710396908232	0.552999959920375	0.699366598691655	14.1187203987339
43	0.82724094748068	1.26081677656507	161.43246914927	0.487050204697263	0.731117435058314	11.1581695984738
229	0.911547708992462	3.49934986779826	540.503542442487	0.308296707560493	1.34922292652052	29.7789118785113
389	0.805290589150263	4.63738237394864	280.899671712687	0.359536183301433	1.11567809451411	38.6956356625498
97	0.785385116147223	1.10005290463829	443.016380383266	0.34974425680308	1.19204259151853	14.3494254211353
311	0.959804789826628	5.73921917999118	384.653141701795	0.358852033286204	1.1937285803618	48.4297933995243
73	0.932735523399502	2.0315088185854	274.712667243464	0.375865391261811	1.04176996975121	17.3792666751811
93	0.706955459942724	2.0204733213344	217.429491741241	0.407471799830805	0.973157408420038	16.387301403716
33	0.764136270928398	0.745658999498138	210.985903478098	0.432023001508296	0.843279731641165	8.46962979601674
87	0.873327197014444	1.5798625008308	302.198617454911	0.355987243770049	1.12387435267739	15.7338315694802
211	0.858556796534533	3.44192595378186	526.286122516026	0.32697434643136	1.31737668032191	27.2409304162354
58	0.891552033829044	1.38408517438171	232.421480625573	0.366394473363783	0.995639095857649	13.331961733224
226	0.752979674160876	2.0697568761395	599.604761111798	0.323206721736133	1.36036166809251	22.2007102175438
35	0.928642294544936	1.50184922641824	126.380910383395	0.644484665661136	0.652580003204299	12.8714014925
70	0.959156680760269	2.2691259620394	197.364367599454	0.393999506208163	0.934095574361034	19.393905692778
162	0.828980538107561	2.08781610687215	609.858157925658	0.330890349939963	1.31262910742449	20.4851133974554
122	0.958641800028961	2.89373070179742	327.618340585655	0.354158582165606	1.09535746372743	24.4293986993285
61	0.935258331978106	1.94168436884428	226.895166363012	0.40468453403236	0.960217065725688	15.8279134149057
197	0.907255547899635	3.10163842393444	365.554509031939	0.351539590685869	1.21666447012788	27.1659939768524
32	0.838670979540412	0.798625230465408	161.986324829281	0.465110740652536	0.770632123954049	8.7310486575051
453	0.850396769160559	6.03491041836011	422.552297799824	0.354373070476344	1.28077043670123	50.1204473298065
453	0.809105972679965	5.01700119385407	394.642551379766	0.33971250236429	1.25066088683015	43.6229324221986
188	0.862328964810297	2.56373905860849	450.786815120405	0.326483869958562	1.27705240599589	24.1306635857808
193	0.805099028835767	3.23581021182074	289.433401305624	0.357777111104317	1.11376772849909	26.3055614257114
160	0.761316939945498	2.22285738590286	518.099351232855	0.338339691366899	1.31598299731381	19.8450217576152
455	0.940326041191742	7.38894867250303	307.500909688549	0.37150747898386	1.16667319348194	59.5983697762093
66	0.915709228131535	1.79727993954466	224.82953615475	0.377044721290246	0.993939105284267	15.4819396578417
107	0.668240278624575	1.53826707120024	387.396171332839	0.372739502151267	1.19323529273347	14.9540895367335
54	0.754370765410141	0.787421280936144	283.958724925932	0.356545061210376	1.07245626829125	10.4017295407457
150	0.859698716204095	2.96768669723908	233.957920195571	0.402939206458773	0.960798705832718	25.407927075174
194	0.977094686023341	4.94652636133108	279.801773648634	0.379631903847438	1.0866741749747	40.4941151550313
46	0.879414408996228	1.21057025778418	172.052989257653	0.526433443641521	0.827176071491577	11.8887959468137
50	0.715690441250579	0.685896674940916	301.900871599325	0.395528953353593	1.05036028442142	9.68695391288406
42	0.844705084156982	1.27577739491919	216.132457896835	0.40584426129267	0.888556682965537	11.0518351008162
237	0.953906113730928	4.42001610595181	442.643535667134	0.337399810220763	1.28708042026988	36.2341133074811
49	0.86377188688851	1.08170931911477	223.655874927215	0.394179905944612	0.977526586850734	11.4112587254624
59	0.565245455446934	0.393016284118101	368.246490267634	0.343929031711837	1.1146015500142	9.54586880592732
83	0.724160812163589	0.882292537198415	382.168216302147	0.347458011215127	1.18682874257555	12.6313369868223
479	0.9387545411142	7.76160042860679	527.343029200053	0.357655015822145	1.33550925500839	61.6749818877547
916	0.513752874383174	6.94419944759649	338.751644156195	0.358786967460495	1.18334554380312	57.1416676383116
182	0.885285798222352	3.1740193946315	307.860111295781	0.368074162808429	1.14710729002566	26.8616738815597
82	0.93533525622375	2.0130777310864	238.171844390637	0.357760125407184	1.01206195137623	18.0268111376638
133	0.925295478945309	2.36447681852382	435.437161581522	0.35717460890815	1.20059469573316	21.8357737543133
147	0.852653824211027	2.56808258832522	291.913997983829	0.348007413372215	1.15507446784351	22.5820859679312
947	0.929913506251804	13.2453976629288	315.565181243333	0.356833957159624	1.15971164764588	104.799454648735
37	0.952245743079063	1.59124710407836	137.868525223887	0.495732410611303	0.617364100855373	13.2362774751916
84	0.766842856300074	0.893115848854106	394.132733151971	0.319775410733631	1.21086502278558	13.0028797603636
40	0.889897189070156	1.05064619865376	190.280020565901	0.437365842713436	0.847976454265567	10.6440216292536
140	0.968588176054028	3.76037949238876	258.801328877769	0.361861946036855	1.08624743289279	30.4445853010367
347	0.882096210457324	3.97882770121726	614.109973343596	0.326080747642915	1.39282775238863	35.3276622164885
528	0.957048020685471	7.85755774055548	348.309881732017	0.37384024295789	1.20576394829309	77.5552597518597
51	0.879038440690992	1.26820338934811	244.952871481179	0.38331542286486	1.01222293910533	12.3848534412646
94	0.805693241270341	1.18309258793886	404.349548151118	0.322697580189256	1.23126101589557	14.5173726648881
71	0.794463795994894	1.31627945465537	298.227178445281	0.363428410487234	1.08322055939149	13.0416727084683
86	0.822888254891933	1.53472574430585	295.856036991418	0.351617212139167	1.11247851146444	14.8857345958951
801	0.846192843604952	5.7972254578939	480.958394799003	0.339071132298546	1.30476228701331	59.6237528063671
68	0.868332954316274	1.52696967539658	253.743672520079	0.403934605832139	0.998408894795859	14.1746288001727
95	0.761871019831265	1.22926143049489	386.810666156985	0.315345473560484	1.22840858173248	14.2606239877026
77	0.955096270830049	2.14406787907916	219.458689595706	0.377328437586687	0.997046357586694	18.8377183689197
34	0.402219445805599	0.350382184807398	212.024780219735	0.35670431134232	0.982343739263509	6.92279692040511
39	0.896985069334198	1.26257752221961	205.158552985684	0.427125295318945	0.746502919512831	11.3696324600825
95	0.910336788216922	2.89858360741722	259.21713453152	0.421724514605871	1.05454701889736	21.3351648309471
183	0.898999490800505	3.33262337743537	295.0408798846	0.366730544823851	1.12230833954972	27.2621277685641
66	0.900506897681367	1.6696691136652	245.998532264546	0.397207792092703	1.00173689551252	15.1021013013171
40	0.811568130924946	0.712182924483064	214.44001482511	0.362861803563891	0.986542404303597	9.3601686541402
78	0.634582940794529	0.57272920803318	448.640128962238	0.340950388993332	1.19014063059489	11.4138231222808
147	0.80700080411819	1.93961203526298	374.288396469791	0.331137016660088	1.18518098873156	19.391446884103
2147	0.938098880515957	28.5935709179991	299.349735269438	0.377119163627211	1.13410107314857	187.669692306688
48	0.905241836884027	1.28094488826617	227.451490310522	0.37511680775178	0.917706769670308	12.3912695726822
68	0.971214881737878	2.58973336828269	165.50565053869	0.373548595174893	0.906380987406699	21.7774951192131
49	0.780315944625426	0.857792374375603	233.710244195304	0.360704099224023	0.989940153283365	10.1438023313602
94	0.960513382530898	2.80514731594891	203.09081146972	0.398428854069466	0.919603333226721	24.0682117722182
53	0.940552208919335	1.8126200427497	163.080538516067	0.378735630426807	0.909930627113893	15.1940772146845
323	0.963442870510032	5.49713693785458	486.046769027171	0.336293351606479	1.32457287697641	44.3755529010113
34	0.798902678962575	0.704904660603014	197.763331375874	0.38162301241886	0.924341043414268	8.57118235869271
152	0.950053929727286	3.93232704760866	338.849045300478	0.376421867391213	1.13842764301883	31.0016896113702
43	0.70354155634104	0.547890013575558	286.424507232249	0.396868008546209	0.959618379765683	8.76833724925163
282	0.981915825566983	6.35635706018198	304.82079157597	0.35747496451145	1.15563154701218	52.2814803896616
38	0.686147396667825	0.570760516389034	251.691118034477	0.356356844139649	0.948733538322695	8.28665850499763
34	0.590191079727454	0.466324722663148	203.375018375981	0.374000482053023	0.923591377254931	7.43293579869249
2493	0.936391438621845	20.1069185459854	336.553096856205	0.359513288412997	1.18737527847117	163.61593401765
128	0.845727492318643	2.77692083556146	283.897717196933	0.332016100302545	1.14151616700767	23.2508726824646
432	0.995384743307228	13.2449765201091	263.272516251981	0.375416945279381	1.05543874456604	113.871283237831
95	0.95056894437042	2.54371351897644	223.796807826565	0.402147309848548	1.01355124334028	21.7706250726165
109	0.962359701853574	3.00670379490304	253.332276661915	0.393001806854334	0.986484039983847	25.1692300136018
36	0.688645632095284	0.473507498991634	254.508393733518	0.358960697275483	0.975337988269828	7.95609608452118
190	0.984254416798599	5.71374924768198	235.418051015317	0.433990673212778	1.01998175756679	45.6157634995698
227	0.975317076250055	5.55910854895473	268.708228666937	0.370596864992784	1.06805919216375	44.9774338033711
189	0.94541637730287	3.15084425885923	414.619718169713	0.341887009457733	1.22618415093384	27.9128741387957
170	0.951971702078617	3.55845676878509	358.720473628197	0.33370977762724	1.22370019146243	29.6595513711214
903	0.921778981644596	8.90175421142219	328.615188297346	0.365792323924382	1.18345036852115	77.8088459109148
100	0.757740491598536	0.988432501455589	441.020538804555	0.32676764201374	1.22083465494281	14.0982009432767
117	0.892237660670475	1.8229385761012	442.520048723695	0.321941385987154	1.1981830515663	18.4326786413864
73	0.944443544644391	1.95463348656018	225.598431225226	0.36334772805361	0.95583620915937	17.4712437041675
66	0.929882575598299	1.92658892819888	225.091246119258	0.370377010582607	1.0088300812514	16.4810802571266
114	0.940139997798314	2.48281146215973	297.292866164428	0.3405810263705	1.11357855870046	21.6784507995707
41	0.762691740055536	0.677951145640477	218.421383144013	0.377600702565964	0.96572180586737	9.09352960179075
225	0.977497622313796	4.84290453924794	327.143493586129	0.337372603444309	1.18792275495383	41.6948372381932
73	0.954312556158708	2.41976434714637	178.888435090663	0.391150592253533	0.895223687455645	19.6770842510363
104	0.306386364700086	1.31501512261102	338.678743658197	0.349008095032845	1.16378744637974	13.0684834360521
33	0.938255800921328	1.14377058394071	230.907189253427	0.424472898815827	0.713876180522971	11.1226851452957
36	0.908653158627881	1.18997242277025	175.762626061157	0.42910579616462	0.73916778668002	11.1051987604351
57	0.936779968243577	1.94329844522817	168.524085938965	0.416293432230505	0.885451785581405	16.318064897009
39	0.742511529681301	0.608161436750075	227.927516485199	0.34995295209199	0.986499168770629	8.63564695908961
46	0.901312921230483	1.20219954769634	188.340943144354	0.396389524624819	0.938566570504616	12.0084008972092
346	0.913633858372018	6.3288863427466	317.417284441447	0.382669196017015	1.17858565192031	45.3852551665335
32	0.955596577013118	1.51345438925341	135.4434012451	0.533406147604931	0.657218105561001	12.7964655190051
73	0.908436028512379	1.94476893003193	193.216680240068	0.376711886287196	0.91806152975693	17.0565059208644
200	0.967747583322328	4.59885258036136	310.846543400419	0.361456729143713	1.16130410836999	36.7501608260544
192	0.955144800628951	3.88018880297769	419.722839149766	0.343472246664499	1.20420432999322	32.3291277195396
50	0.822202470697277	0.938730295009333	274.255852023426	0.41860466916312	0.977337848044195	10.7253104508514
100	0.958683515121277	2.93217884302384	190.787514971353	0.423384860759553	0.942220396452141	24.902034497185
248	0.982154881260961	6.32424338606655	344.353612685116	0.371549956006804	1.16844492980493	49.4973923562584
52	0.694131628050494	0.697934536383868	257.910574875665	0.356120240868392	1.07742803136782	9.78303581860558
153	0.922215085123532	2.93982471078811	387.384965108148	0.332791076135324	1.20928744977443	24.8044622568607
47	0.702326318504781	0.990011318032906	219.221319362606	0.404199278463984	0.98488230041178	9.83119112059822
54	0.812679750494158	0.855669649155775	286.359252796266	0.352970202934767	1.08329080946318	10.905170525489
101	0.915280537103025	2.1087487401224	312.964191648545	0.352300891731857	1.10225183671373	18.7280761299046
122	0.935668716655698	2.52066143244493	308.803877175899	0.355950033384235	1.1019266783232	22.6214105263342
69	0.934827767363067	1.91367482218285	213.666414065693	0.378465667294594	0.937621068314525	16.8560243746621
391	0.952008652391753	6.71760465688454	290.2025705673	0.368669096620415	1.12501977628909	59.1107065011349
44	0.484175236913496	0.357443308948914	261.365234008715	0.368584706231765	1.03525575350547	8.01093186659957
124	0.933174834324081	2.58567248129911	340.22463696176	0.327675304657402	1.17387442313518	22.5759816970761
36	0.766221379178874	0.806716590273485	202.563419325605	0.400022873552285	0.93193142801681	8.78775699880231
31	0.617189509988341	0.473929233066859	181.826072377179	0.386101588378628	0.906815560303946	7.16189176852508
224	0.90610508502754	3.67572229625059	376.249233063837	0.349605263179321	1.19087525444635	32.1302900228636
332	0.929630846349064	6.77372616244252	239.093538474376	0.366004516793877	1.06090641190374	55.0442442464836
73	0.991421603555415	3.61620582391361	118.327757496447	0.527171286737249	0.677762233451016	30.1393532824892
75	0.844437673622732	1.61884009030901	297.624861172482	0.37963048718648	1.07993983427297	14.7554836295665
31	0.854950471619123	0.808440357969412	166.984938692284	0.436679515110888	0.798109465349693	8.78156789430812
87	0.912479409441987	1.8528413619957	297.416950107409	0.405146804043863	0.976652774680082	17.1691276327795
133	0.932409117303177	2.78989879015066	357.417266650056	0.322759339371418	1.17673827278767	24.0794535929142
128	0.932769239959688	2.70319922917214	423.066317489467	0.345017766952896	1.18489046649988	22.4081685220418
746	0.987194224487372	13.429698312081	330.556409659449	0.35984963515877	1.16912396734088	111.558290397299
179	0.973436964210503	4.71628377672314	247.871932160833	0.373177079304105	1.07936409479308	40.6127426806164
76	0.803704354581331	0.983345130142823	327.547307805368	0.328836740089937	1.17171033366421	12.8878804971802
1117	0.89596491964158	10.5886715345314	307.614773672592	0.368842077535467	1.15647840558031	87.0700004984205
107	0.992425302771865	4.66426944574908	163.236873736758	0.43451017211928	0.847996621987296	39.1483287814198
50	0.812264441607495	1.00790358608504	212.544198267492	0.37465592985955	0.96873896603305	10.9244956577487
143	0.983419757366083	5.04260590327473	195.003395424708	0.429610134777067	0.942865929918472	41.1368536330202
96	0.81399365527216	1.15901778317815	422.40599180484	0.345017332497095	1.20811721943939	14.6631708653538
383	0.967132390506746	7.67736332129858	371.374017908342	0.349127902903521	1.21065647749263	60.4435696929287
144	0.954575923557371	4.0208016432751	268.089229978473	0.421354509499306	1.0622434059663	35.1708340813317
49	0.822726052742938	1.23970980077186	195.252594427797	0.409291899935406	0.923755709303896	11.5676042771133
76	0.696929932112063	1.23127610722494	415.286147983865	0.334540416571037	1.25255633068327	12.7371435901002
567	0.97657943094378	11.5646582314189	240.232541810409	0.39308518680478	1.04514662719279	93.6340167953909
37	0.740094028471412	0.697051070914951	213.444330533787	0.406478100595748	0.93604793174929	8.55016544286102
133	0.890748912771621	2.82149464195147	202.121532047236	0.39887207965087	0.983435509955588	23.874818997387
651	0.937113402025199	8.45955895138641	340.38934269666	0.361603619954196	1.19206114285374	71.3838666780304
61	0.92119778637062	1.61162027678039	207.638241927874	0.382903649426594	0.930343062410548	14.8309280767444
276	0.955718292590706	4.67062761602561	497.763268872969	0.324986352346993	1.29520196724859	38.8106402140356
73	0.911705839617795	1.61407489195392	250.288303301603	0.394256125770519	0.943995734785393	15.5203098812861
176	0.823577090052828	2.20997248406429	516.944861660365	0.32934764613909	1.33647293999984	21.5373564994284
508	0.679005215651171	5.47028853662391	390.834219207873	0.345870545221458	1.25659356621046	43.5529465205291
56	0.907464619324856	1.69955888841946	226.80302583	0.389775906855992	0.947144370528393	14.6655330915754
217	0.933609489380512	4.17512249310562	281.182946659028	0.377536059229771	1.05779838839693	37.3363204868143
99	0.976311750339917	3.01767654420971	218.910618601092	0.437648767060532	0.914553910165419	25.5820554375872
42	0.77120908475601	0.713867922940384	287.457575182156	0.381966303233272	0.964398494129467	9.27822837964046
52	0.26836995559568	1.1445905515063	142.677648633093	0.489420383538031	0.686307130810296	9.83024642951386
33	0.817875399231478	0.859315009951745	216.136209484591	0.398326207907773	0.897527031706992	8.86137121992751
128	0.868935741940253	1.92588190506687	451.047374412939	0.325293611119429	1.28186674997624	19.1031097572521
289	0.947814359474948	5.58493609430001	294.443552190699	0.347278173095167	1.1380442851122	47.340479938129
35	0.836018313084622	0.74182321534202	213.386538769475	0.384927811786857	0.934238057866944	8.96048982901617
1207	0.878653718386496	10.069706267918	343.571809904462	0.347560841384371	1.19227036536641	90.5402632212222
421	0.968571958464234	7.92985502128196	409.424185107313	0.342559816733954	1.22910100414722	65.1654469843357
36	0.523106727229564	0.530546942470043	203.88464262684	0.395740989858637	0.950971147460091	7.50870768453432
78	0.920602226623591	1.98855786971609	238.860243504438	0.398251290993227	0.986397304116002	17.3074952346681
172	0.935299050497927	3.37932642343493	358.964148701961	0.336378187185975	1.18365198317826	28.7656694043219
273	0.747165368874776	3.92933869121511	346.470287504565	0.347515659864111	1.1889786378981	30.6645786423423
35	0.884009612413577	1.15781722641092	159.935164852152	0.420318037673891	0.817520141704086	10.4828329827399
194	0.946059296338544	3.65695517509668	369.767608453766	0.328513515372088	1.19794463023838	31.2279858999404
359	0.962627552045882	6.28489586327021	375.189291802447	0.344556679422471	1.23540483507149	51.1376384217169
701	0.991106545815176	14.2410221918392	381.649097991623	0.344133229049513	1.23355587035956	113.452673331771
36	0.61853116986278	0.596491608766496	196.140237063762	0.391673096378979	0.923197198086964	7.86106603160462
420	0.936546067744665	7.43875209382137	380.816789280053	0.343019730279415	1.22899232334749	56.4014234401887
43	0.657638841806528	0.562763378508286	264.557917162239	0.40369763428587	0.915027862406346	8.61362281214511
37	0.937231341711592	1.35066940230294	150.959447874871	0.414132870977291	0.743096810774708	11.9376629844736
45	0.867299794735724	1.03616243378747	193.365427651908	0.399425305053744	0.939246120112939	10.9992083421421
65	0.96027630502766	2.40891818314389	195.354795845877	0.353895293895294	1.03484346762066	20.1987527565095
38	0.807357686093921	0.727459534060785	248.981416376727	0.368670724326833	0.871502982333867	9.03486871546117
110	0.931255308326107	2.60527567372021	306.327815122031	0.356229773599824	1.13034144217016	21.2836992150178
39	0.716514951508741	0.556261225085713	239.870022223497	0.363503729974318	0.992350235892971	8.49733267135061
35	0.650149431072396	0.487106057899822	221.147052538649	0.373685708375098	0.961241524520645	7.73540375312796
46	0.832074796359038	0.875002624433649	212.412194971252	0.383384232253011	0.991232890778321	10.476487292594
36	0.562199141174472	0.521732463218644	229.962922520911	0.367879306702836	0.961512510288053	7.60030025311935
144	0.847025635349132	1.91397528696679	553.347767686064	0.303188181780482	1.36930859807421	19.7452971911348
83	0.930719975162539	2.19562888335705	232.063809260646	0.423480767861804	1.03090114747286	18.4854364305181
43	0.834087001038047	0.997273190556116	205.882861079786	0.375193539899422	0.937282065800095	10.3254957990683
142	0.977664382530125	4.32681669053217	282.594611121703	0.380749143463673	1.06503273592503	33.7348083499432
50	0.783326578942147	1.05109803027293	319.029029438707	0.367559785206844	1.06511738755307	10.5530854825836
120	0.973129462228478	3.8086194077083	207.995270815891	0.376122098052876	0.947673019228617	30.8441724247406
74	0.706252056637369	1.24946395960111	276.565402330789	0.41317715296954	1.01958054475975	12.6314684695082
406	0.976038605591102	8.56280996360549	314.532914945872	0.362501551258177	1.11194345642854	68.1404897941046
34	0.809680080382493	0.718991445412509	188.988608698939	0.445682413848504	0.814813487274579	8.68395776402576
650	0.97622762715127	11.6145635813533	448.110664747912	0.33882065228752	1.27410991357949	100.314994968399
108	0.93182289719378	2.36387442704194	295.741470993913	0.342225452866563	1.14542626051298	20.6978000443531
54	0.801154052660246	0.890035923741953	300.18743736687	0.34554237495414	1.07805499758071	10.9069963355464
36	0.922459973123688	1.42264042129445	116.878277709642	0.490433749257279	0.647933672148334	12.1075300818464
465	0.99439221339312	12.7185698742453	277.613235558865	0.38361404065597	1.08557246944242	98.9051406918617
245	0.975904995665447	5.07534898960367	353.289445101268	0.331997293142804	1.2120859089788	41.0794218072925
266	0.960257998050854	4.90127239557689	416.528718637862	0.336353037207956	1.24103763954844	41.0507841513117
42	0.906851147427743	1.25217599557831	165.0176272641	0.459412482941895	0.849396798692695	11.5769733693589
794	0.980988690201805	13.6454793336822	357.626822621869	0.341053101234097	1.21883309003405	123.065850216583
47	0.655739385714353	0.580246511294245	275.70363020567	0.400156503574628	0.953456400295842	8.99039033523512
902	0.651594431663116	7.36823929846248	378.803099277148	0.348490147579038	1.23027130780091	65.0731660278677
55	0.934590130954713	1.6519302483396	205.176535329719	0.390345804947881	0.930283127271735	14.5951356232327
223	0.971992272156461	5.13922155854849	351.576993315735	0.363533901380739	1.17180000134717	40.3001630282718
1169	0.938641071119636	11.3100463379339	410.785979453575	0.341165539091289	1.26713313479469	96.3199344148581
118	0.986907667572113	4.16617647155296	184.048487392969	0.409531069531069	0.887552116136679	34.1832200077227
43	0.792793580409686	0.701388233461095	225.08434818702	0.359645074939193	0.993699043158078	9.52326522374966
136	0.96382565952032	3.37701643061917	279.938476263933	0.342438688776957	0.999839772387016	28.8116471627297
102	0.90852103004875	2.15326990569201	275.549689660746	0.354005498175355	1.11510413030727	19.1253314827751
107	0.945594279884399	2.3454129093782	307.707093505729	0.372472871977168	1.08755550147043	20.9283905051845
38	0.80926554078401	0.855056597057825	198.275595485838	0.39215735473342	0.932022721839626	9.31310289142612
59	0.667661392015387	0.770151963317436	296.329932342616	0.377817105442606	1.01938382379322	10.4043475621795
71	0.886018104694115	1.3072000187451	290.529747039688	0.377983467708285	1.08792302228348	14.1815728490593
314	0.836413680886809	4.63662755715889	419.26219619864	0.344500714443859	1.21789563358517	43.0044858018802
43	0.829264239433519	0.931189027669195	230.446701715433	0.359839616853191	0.963623558107176	10.2296314988375
51	0.955727651148627	2.0500998581011	130.317249088623	0.553303167420814	0.597016611052876	17.3202832823611
250	0.99350060235204	8.45689221497543	214.936295168475	0.392012917779281	0.901225475282828	69.8648626214462
483	0.968255632020244	9.09971307497134	286.74702122315	0.378166963622167	1.08157438064334	77.1161587058067
74	0.592297355033406	0.75464579303929	362.286742381376	0.337834992624909	1.18044719241044	11.1548656947912
429	0.889554683377986	6.009149672471	401.010247503316	0.340907656678137	1.25572817089043	49.5139690121391
59	0.840574603347008	0.972781173473169	270.12482342812	0.361336708056757	1.05686935950146	11.8671880122784
895	0.869900304555507	7.60245845531438	377.420075207669	0.344799084444532	1.23470848668583	72.1245836422332
616	0.874603993556083	8.01291720858332	335.90272682616	0.358242504935278	1.19855415582441	69.2807970732876
31	0.858196256182721	0.817330267060775	173.620600612312	0.415324946546666	0.790761810194108	8.83523975689682
66	0.698189849964572	0.774062659386492	300.08956431343	0.371456297926886	1.10014826968088	11.0263312008782
404	0.975862393186188	6.91178609995652	419.759506479642	0.350341949454526	1.23907042978746	56.8558854186416
1115	0.872921645164265	9.88084974271506	366.023712062056	0.362175143079122	1.20712454772499	85.5439644714582
70	0.924790916901738	1.85624757292222	263.864262556698	0.40001062465795	0.936805682459867	16.2949704394183
521	0.894385224422828	6.6658237399939	422.302353229788	0.352605965886125	1.25624915415382	52.5646285333602
381	0.825454738313723	5.27329196796044	324.492488233261	0.364166959562976	1.17250824005281	44.809987039594
50	0.518068088358161	0.50568050534482	250.366862515283	0.353451296318943	1.07415802326557	8.7723571799467
121	0.913724477817562	2.58458464942235	435.570198962388	0.34112247969714	1.26010358863301	22.3931831880967
43	0.92427337521682	1.34359378329486	174.155942841074	0.405343111776935	0.855046104544419	12.2812214406907
203	0.916275276762415	3.87021845431716	478.472019818466	0.323421789293927	1.30158292797006	29.4247306366752
90	0.966472649949001	2.88071946078284	217.910109102409	0.412353807245999	0.978674363632407	24.498209896408
31	0.570424246092066	0.389472868469203	218.694997546118	0.378247757722101	0.95048922623664	6.96832637823324
185	0.802760681113166	2.73267458783265	322.395653056913	0.36438220632594	1.16213856944919	24.2905292527484
297	0.984276141508435	6.49787996337517	363.312823465686	0.331017839551883	1.22080516408661	52.7750200235042
109	0.961607496720064	2.9462232838338	238.626806300438	0.366127742897434	1.00115446537061	23.9068377262629
80	0.750645058368242	1.01951836305421	347.229253369749	0.341461090965387	1.1532411198886	12.8782402932012
148	0.444793980682865	0.685282597758081	605.0285950585	0.305448372385492	1.37538642368751	14.6961879842579
67	0.678091419204989	0.953723124978434	318.176995335881	0.371563305386835	1.06691577120723	11.3372705383141
470	0.635903830506421	5.02684133817521	297.50122441147	0.365405045579614	1.13326783619548	42.5404174467201
44	0.653543806236954	0.677752958611122	243.744114170226	0.422440273651346	0.944814918294419	8.91883328841742
83	0.703725431033957	0.985707696447424	351.557995223797	0.319083468229578	1.18628062726618	12.5674813429806
150	0.849679005162999	2.33374847900823	388.515518686916	0.334950999737462	1.24548808117279	21.5765240712559
42	0.956595724286335	1.69455903138361	180.308979240153	0.454856711915535	0.725776035795725	14.397114504481
52	0.92076066892929	1.39293498263025	215.403611596497	0.354384248501896	0.952891931361927	13.2455730516936
213	0.961029505048587	4.93959285696973	294.802468343314	0.365720248023127	1.1379630348327	39.8040902677019
68	0.793373433073923	0.886566836840155	408.931812200051	0.329907435165114	1.12518244366123	11.9034462063363
50	0.830205930543335	0.881851248711329	286.320184027828	0.365241964571823	0.964495308890017	10.7411648240594
63	0.767307307686947	0.927068909739604	346.175519570221	0.368697230634947	0.995853882408946	11.463739753282
1278	0.863742767170326	11.160001982858	390.326274511194	0.341713386236298	1.25764367849729	96.1175354764859
31	0.929377749620133	1.11473547140557	160.728435476685	0.486096256684492	0.659654318704403	10.4158140252086
49	0.731185443316022	1.26580892023356	231.641970402213	0.414368476761986	0.946245022577751	10.7720132501641
483	0.912937233416339	5.72122063107918	346.519076637155	0.352142068631943	1.19051077001792	51.2783161609373
196	0.945293521125249	5.24947790780387	191.867124765752	0.432579957477358	0.943596154152975	47.4380362622036
1404	0.901500894160332	13.5470615332013	365.726533186433	0.348779033906046	1.2273841576795	100.917611910544
187	0.68597651892839	1.89956271550269	564.634823656152	0.320401811147865	1.36184405221385	19.5187271240172
40	0.701925777790088	0.882359002822478	193.396469060383	0.395637633070788	0.902680888054521	9.08031142275831
451	0.993198570507767	11.2843354965855	353.586908817314	0.364816346929913	1.17751234188832	95.3833053389772
65	0.960972057110544	2.17204523916086	178.555078898045	0.468869692399104	0.81676244491528	18.1783171141216
323	0.92702005956463	4.82056547959403	443.961188584178	0.328777707633033	1.25419557670283	39.6575450698206
122	0.916198463908078	2.43458321063475	357.703688890698	0.338676179766567	1.15905238782506	21.1425812397578
2504	0.963257406654098	21.507345503099	366.88781992643	0.355775063511166	1.22783142107137	176.817076600903
55	0.921717716351539	1.65594552709646	196.429437903147	0.375282356895601	0.865136475382873	14.5796372720236
124	0.885389217416615	2.25149004176384	297.075040660987	0.369407015070026	1.11272876919731	21.022593438473
81	0.943473678099761	1.99137075545735	236.388858581895	0.379197002950932	1.04392221579674	18.0659233705624
68	0.881089428443257	1.84895537495101	173.32503171261	0.435700594640606	0.844460476032339	16.168173396615
58	0.984969372544646	2.83515789281121	155.318071158311	0.51905290418054	0.608736432007343	22.4492725123208
43	0.485771149568846	0.385160083699286	297.719694138151	0.370550467955312	1.01020716979579	7.94809788675757
88	0.956605890845224	2.56899523702657	234.107016235683	0.34977246600776	1.04908601657451	20.8366958305579
55	0.600699258742383	0.468282416851182	309.865269905331	0.351545382435951	1.11736834337651	9.37506273923064
43	0.921453967666631	1.3527906426337	209.750386639482	0.424931844479356	0.894107421799205	12.2257826167352
40	0.945606521217287	1.49455213661375	167.808837206959	0.460413141845367	0.74382740955878	12.991128441926
506	0.985233417825712	9.03409789997622	378.471130678856	0.344382550089771	1.21027100453769	74.0876949191321
70	0.974036269817282	2.78254071763056	154.566758761241	0.450217194570136	0.793571819876049	24.5805447102408
68	0.972292584606113	2.66777158971645	171.746779600846	0.415020517583127	0.82949172624448	22.0476095956924
182	0.763802324933679	1.90586318330411	592.138001633109	0.295604361735693	1.36501647375899	20.3133733734756
243	0.642441408038236	2.93604867651275	318.65619090484	0.349176328953057	1.13222085653935	23.5666133537375
56	0.693024709473977	0.518902512770103	331.714974102537	0.35376101567037	1.05659966496432	9.93356661234458
345	0.997007904063152	12.017197611494	205.043703640163	0.412198542740494	0.983040361142296	95.7344212665552
129	0.592586393505787	1.98121933024517	366.546350090894	0.357499509401014	1.22637873141264	16.532393479102
52	0.707170488485217	0.698202059445584	279.314745585838	0.370037911214382	1.04699396291008	9.87505471455724
262	0.853693373953514	3.55528566951575	459.919857853197	0.333285042098886	1.27402083266125	29.1818445138823
45	0.914108846041991	1.33106483783148	184.399640049394	0.372451660300522	0.899043976400576	12.297349226697
3131	0.640896343939799	13.117253834926	380.320619525479	0.348754215880778	1.22831560458577	111.864659528005
4629	0.985657473687762	41.779996680815	355.673266763552	0.353968267841742	1.22359491054521	307.024124024249
78	0.935399351585103	2.16497055573568	204.244037947633	0.387498421201411	0.966427372066133	18.3218149873319
124	0.779965966757345	1.86167601430179	336.708325796905	0.333167589598298	1.20286644584215	17.6884138080036
158	0.88343131691831	2.73839628201541	370.32437153564	0.352364167925364	1.17371495511293	23.745364067142
257	0.758887376997375	3.51542661385844	384.824283155176	0.340983284337421	1.21955217682386	28.5080316210005
41	0.728543367402028	0.81701606587616	200.091584162695	0.39036439738527	0.944810158222174	9.09694356527651
98	0.960949547146929	2.66352886600307	266.151421742814	0.38388775305611	1.07199738872576	22.3682093258611
169	0.722827291191359	1.65637664198194	526.329155579058	0.314208968410649	1.31369936573979	18.4708642040185
297	0.931513714745709	4.61369218467004	456.561969785548	0.339728520925393	1.28394872589504	39.1751264831936
40	0.55934849971205	0.429786966542842	260.028497914528	0.375386508972847	1.03149666256238	7.92458088069727
79	0.989192825254759	3.73238789360663	118.617956290505	0.514773857110971	0.681734414587294	28.2529174055234
317	0.854948689343125	4.21823926740256	328.140443827322	0.385401139651993	1.13295133359724	35.6860194981964
46	0.743190192752619	0.718717590771878	277.45188271339	0.380303256209783	1.00412793618688	9.46647511001569
368	0.971305409007771	6.46588273142609	445.519399581651	0.331070461800685	1.29393439526736	57.7336438484114
1038	0.948226203190331	10.8500337076496	367.509721095847	0.346357654938091	1.22600965978934	90.5480744122803
99	0.982053912204867	3.55682272514558	179.958899667868	0.472698856870683	0.734109534140608	28.7205651214671
702	0.872769240392099	6.86329458199949	385.667241480409	0.341866317590637	1.24491148138531	63.5179897195539
54	0.835892473348356	0.894793557758689	266.502058792577	0.375749688432449	1.05125260095723	11.2084260583313
60	0.78433612140191	1.21862955254878	311.677085479191	0.40521422976113	1.05223587109575	12.1501613702106
366	0.923388333125997	6.28366731742489	395.155346934704	0.340116165698224	1.24049389570676	48.0498392599416
168	0.918750717385032	3.03252435183255	348.330933122391	0.351488927035585	1.15503543837182	25.5320756083821
81	0.556226429911492	0.796159856816224	377.617494081733	0.331294826234272	1.20109499663333	11.5183491144003
109	0.855344981921186	2.00136947982827	287.462025786361	0.370447784277049	1.0703039775742	18.4696177456159
296	0.843394014795315	3.94171688521343	279.198320797208	0.360164408154853	1.09568483600911	35.2339181204906
939	0.771517323605997	7.48411364208515	401.264328769445	0.339095745735881	1.26296740543742	64.6335222118838
193	0.927078704797143	3.63893053182618	288.526982914345	0.356767374551232	1.14326042709913	31.3931238307583
121	0.870432841786948	1.99446747234093	344.165115090413	0.34610081221272	1.16762941658178	18.6478948546035
122	0.933847805834686	2.49906327785742	300.688203516347	0.356855130362969	1.11993996197752	22.0279770729419
552	0.972968487269858	9.05805084587994	436.369447337724	0.335670973815841	1.29637944909118	74.0910790855647
80	0.640661191704969	1.35226485819472	362.427889179195	0.366224767441806	1.11733764374007	12.6883154736441
219	0.976731585533379	5.26407040179555	274.5719368509	0.378758472941298	1.11640356884488	40.8501029495895
268	0.845543570812278	3.47151785736242	272.7467483442	0.381412552608386	1.08551017518569	33.5084282637494
46	0.666224617875274	0.553473854692237	279.957233076593	0.322913584879741	1.06890368883948	8.9053408142843
69	0.621771010166752	0.836980835541127	431.858333173745	0.344303793002888	1.26694636423053	11.0275554301343
1276	0.898548690728581	10.7428817246031	431.652073129775	0.332601700655306	1.28657381843224	95.0834453056067
37	0.682836620093918	0.462297856494296	268.378316345968	0.353022422383036	0.987624722299501	7.99679496484763
31	0.834893664699455	0.677208587194683	205.536026753839	0.415128860908912	0.858503117226974	8.42739335693912
178	0.941745975099958	3.01908213845566	420.884458231605	0.353945931674981	1.22644631637853	26.7016715953813
139	0.900959533844994	2.72478406406496	307.824044121538	0.364739923563453	1.09560336230913	23.5809022542871
39	0.926690586228365	1.35934542804049	159.51058220959	0.424720171469397	0.742589769843311	12.0312615441514
44	0.936060855529928	1.46223856244196	209.565020347398	0.385559010704947	0.840967854501696	13.1122639882006
312	0.905748856902825	4.41910660059979	431.338765571005	0.338378864827586	1.25523217243759	37.9151325469018
1202	0.693274856314545	10.7934231033691	520.856528620333	0.327015842604846	1.34709272598008	78.4457634167462
40	0.600797604899387	0.66797398273042	225.938787705658	0.40306342017572	0.966192075625136	8.22454632354064
102	0.924521709402013	2.82498793051749	264.494585266219	0.372926448803405	1.02929052250024	22.505312827386
57	0.861730624265073	1.0722271007844	242.182989811834	0.348229622890256	1.0480293336497	12.067656779513
284	0.873713026229703	4.05547917348083	401.006946324123	0.32303777400621	1.26993989956026	31.7073726373832
132	0.810798662799233	1.89017662224969	413.751987912625	0.348451885951886	1.25196397549147	18.1075230860102
1588	0.812287595117602	10.166079945565	378.501993752666	0.344443008695576	1.24154740655871	86.5513669201631
81	0.829922796392911	1.63470225949846	288.124399015966	0.379264218105709	1.11397382023717	14.7438076758068
36	0.68873218308139	0.578769313954984	224.56613174671	0.376441459970872	0.952845036195327	8.09554368902546
258	0.910593792777276	4.75474821711384	322.73480373715	0.351839038289343	1.1652869273662	38.1972981906209
281	0.887705227410592	4.62113767600977	213.156837481522	0.397731594716889	1.0354842969015	41.9106756897957
37	0.217519081275587	0.600717969744365	237.187969600319	0.3989556288359	0.966366031257717	7.21027841524287
47	0.594322682645745	0.677066241636038	263.113127026368	0.371365055007279	1.03983197001319	8.91356080371022
766	0.533150535105036	7.50511296725786	347.997602975014	0.360120354563408	1.20951735007365	52.9446284677351
34	0.608191154874123	0.367244395056966	212.216102284609	0.362492121428773	0.954401366109019	7.3601017983179
139	0.944363610161974	3.05413794995343	340.012182449488	0.379342600519071	1.06894702588201	26.4763255658522
1435	0.961589423377772	16.6661426535835	335.795262665014	0.348103682006041	1.2013854246309	128.944122474146
1120	0.788483318560197	9.25926394846475	345.567922089822	0.358826165675459	1.20048532845166	78.598585945006
45	0.553647867966655	0.471144070769434	272.779148844301	0.336078350991358	1.03947473414592	8.34506885991106
434	0.856885204059871	5.08536097691804	448.614330415164	0.350822690355562	1.2724301610535	44.0755873372155
105	0.760936402300106	1.48792215426851	324.145020264328	0.341919097929328	1.18935442719692	15.6857311305295
173	0.849725491993287	2.86476209024734	386.445369451368	0.339942459378002	1.22491296793105	23.8288597750836
1058	0.953079277099419	11.9329646521632	394.746610280018	0.366095885636953	1.24085758221639	96.4825417273396
401	0.704648993193497	4.75376648151746	374.028613128697	0.358698980688092	1.1987155359558	41.0571975085754
112	0.978453836544691	3.52473466698011	258.141201307114	0.374006428005106	0.993691713014683	28.9329418858357
86	0.924425733887815	1.9536254121952	229.387469410608	0.3808877857968	1.02822649455603	17.6170972624141
31	0.812189638348064	0.630343799277226	168.900397840088	0.406922385694764	0.882645476302291	8.20519972582993
283	0.895627794191887	4.04305070956216	346.768856651145	0.349586974327459	1.21000655072701	37.3334353815156
45	0.867858297220462	1.11659824012077	197.959531195596	0.396147999239455	0.904285367419216	11.2551594104098
182	0.927229010608992	2.80703820564191	412.597489347083	0.333509281744576	1.2468703274797	25.7774505305171
415	0.90613409798678	5.96737984433111	339.906909965797	0.351434825099853	1.20088585175812	52.8926592983811
77	0.935850967432946	2.02864748689262	275.732545977091	0.374097089743672	1.01087674537771	17.9909334056202
39	0.961734985769264	1.88566483315243	214.648775933444	0.336551116670253	1.03340808995735	15.0642307289052
33	0.965160185311132	1.59252040000823	145.162774884831	0.52156862745098	0.569460263010006	13.3629835727015
142	0.878823325810331	1.91728545597469	486.530096187608	0.308011560023944	1.31685706154233	19.8895711081068
314	0.719513499561767	3.52831544490284	421.785260876224	0.332492676632314	1.28431114098678	29.9192838349396
50	0.851545970328568	0.999480393117134	366.983788556912	0.307727606257018	1.22466025374645	11.1130561491061
88	0.913832088291861	1.99982723254602	292.541824317533	0.380879874873683	1.04376841291616	17.6114383067005
343	0.929476922074943	4.89911597328935	438.840360276071	0.335874834378141	1.27689264996692	43.8242196535119
32	0.821192447197442	1.1914091914503	108.090900951928	0.503989181879648	0.593263253373016	10.0510741030949
138	0.888913235854322	2.78682799231929	407.253072416895	0.347941986256772	1.26114801636682	23.3128899446947
215	0.809021648153694	3.32824404009061	402.134374844674	0.338996580097957	1.2231061106743	26.4880505847215
129	0.918425380152932	2.44762161166421	401.490274970437	0.342810786976202	1.20400137928047	21.6571024005157
170	0.943008371641206	3.19053658393008	330.992524967995	0.372083331251652	1.13713177439667	28.1564010353074
357	0.990039655002189	8.35791864314976	433.745503633287	0.326334109105086	1.29516493489995	65.8107174338034
62	0.508818541912569	0.521271792321329	292.865666489004	0.352168373263708	1.14286306893859	9.69237382862224
157	0.98307191574365	4.40558621417511	276.499934905151	0.363047014538568	1.03606159645688	36.4445437180303
110	0.736818898045112	1.1862500848532	546.663761970903	0.320926990338755	1.28138097728037	14.9448037175494
161	0.944533691677204	2.94222703087392	419.969934420504	0.317217808301857	1.27995286568435	26.2199413421423
38	0.746964465395564	0.601908576259687	246.047775344087	0.370760734537824	0.99272896172396	8.5473544116029
44	0.722098899230206	0.581949829381304	268.52984202912	0.358227858270795	1.03784877645589	9.04228890067438
62	0.977575258480163	2.7672286679989	261.026182621633	0.341296349139486	1.03645412466817	21.9310801619992
33	0.634819506786226	0.567383472287493	259.539465075748	0.363001258447179	1.02128914392378	7.57436233085545
45	0.846176510799008	0.946546990702215	314.389047809089	0.329473189767307	1.2047506292891	10.4794356199689
85	0.989879917719701	3.81623340343629	203.261792320142	0.374056626997803	1.01634855823489	30.5576252725934
