s.area	m.eccentricity	s.radius.sd	h.sva.s2	h.idm.s1	h.sen.s1	m.majoraxis
198	0.868288181826816	3.78767178266222	345.968087345824	0.336434303045126	1.18913529566252	30.1963903432677
154	0.972619552593317	4.08945500032044	419.170407643333	0.31697251461031	1.20724706916017	33.6377989659622
158	0.963344903702845	4.21380377461308	237.780075892068	0.346461155500293	1.00213512989698	34.6966939304519
64	0.967635125852492	2.45682046374667	313.451149591172	0.360596483650301	1.07622421563999	19.3088442721248
169	0.918160921701406	3.81689399084293	378.558248217337	0.361757261108914	1.19019809756567	30.247834194548
106	0.839212497874534	2.27762312156315	336.674332899411	0.329199621035198	1.15382322963452	19.2483552380167
32	0.803550190917618	0.750512400604258	418.002328775232	0.311714683593241	1.13588504956506	8.50114279971734
38	0.804254297019663	0.770605011613397	298.922793070158	0.360087207697827	1.05306091849645	9.25918472667367
110	0.85488873009048	2.0403118413149	515.310104454512	0.303619393521086	1.30689484215923	18.5520577386303
56	0.898638241655541	1.62605455404335	258.812522800701	0.374200335129128	1.00479775000124	14.3962568098298
511	0.870354508926912	6.55116394327595	331.241775119331	0.346699208247196	1.16647265891664	54.9503266503497
68	0.790068257235179	1.34444602539026	276.158472414376	0.384866265794186	1.0554510053164	12.987993302465
42	0.60101522228667	0.527635809124841	339.263980413291	0.331527921828775	1.08348879432166	8.34331826894226
138	0.791085645043381	2.2307730144161	287.102250051543	0.389365724521434	1.0335604764239	22.3491116600332
451	0.951641329772453	7.34092365113502	430.101141606587	0.346965028303442	1.25236863948156	61.3672446472323
77	0.813524288363743	1.79541909397839	181.31578654971	0.373463481237122	0.933773053095564	15.8850847836625
102	0.944509345434886	2.30837035230746	374.506249768099	0.317904143682384	1.17632574532464	20.6600987838111
41	0.846906965232971	0.925375225081651	340.609652763727	0.33223854225266	1.12263118701448	10.0610749399339
253	0.876975763996896	4.0017628431615	626.132273604899	0.332017913740554	1.35525399402227	33.4041283837958
526	0.91533738811761	8.21525048643259	314.629932979953	0.348521028600593	1.17268203730086	64.601593279466
378	0.933989099285613	5.54758597121998	353.358345123738	0.349571881148575	1.1814450796457	50.8898641101272
37	0.6582144533915	0.489044180685152	246.592372029623	0.343738694429231	1.04416791069091	7.94594812584182
87	0.859389977746672	1.37494263726308	381.863622969551	0.343440818262719	1.21125570692125	15.1177662211383
141	0.89242492765513	2.20345812016763	456.620353961021	0.309210107132824	1.24770938961292	21.2513056605995
135	0.954285038518646	3.40782767418677	289.344001198848	0.365082950675215	1.11487123207889	28.0953111369092
346	0.598557213946104	4.30132274578777	258.096046565397	0.38353392863414	1.04456342694262	37.3662959763286
54	0.73400308746737	0.614289679365921	395.478387308679	0.330058228734699	1.14147361852499	10.0372761060991
200	0.960361113627108	3.77244153867498	499.80870764665	0.317654602671703	1.30305625966697	31.3751684841862
708	0.904606187863019	8.65545426067457	379.051190066785	0.351864052426061	1.21260679725941	73.7255174602985
715	0.974180005751994	10.3094687991303	393.357854297024	0.343924612235807	1.22487401840648	83.8356055268593
151	0.956937759194854	3.74202012540081	347.750932353728	0.347998627083594	1.13337057172579	31.0552773295967
350	0.954247894600437	6.63116343599802	345.332241254986	0.33617667861452	1.16943991083406	57.0037578317377
79	0.892563778581893	1.68527693696226	315.07292480097	0.322634798469085	1.08341657128821	15.6634564036954
100	0.832803647834113	1.74198804963492	329.935117643618	0.350426851233676	1.12797757770274	16.3834042583811
798	0.90959388400703	9.34142579711584	448.865570568023	0.331436476340847	1.27787851201622	80.9476508921033
223	0.966783415109597	5.15809490623305	420.849666793556	0.324769121735812	1.24282502526868	42.7970756024876
123	0.932993907616822	2.45503034178652	384.168025930471	0.304010691168735	1.2016495836176	21.8840090006437
195	0.863560200165956	3.37887360093152	231.288128020975	0.407252204548825	1.02566743824154	36.8772803103239
73	0.8287212284809	1.39880136094138	296.752337963181	0.324669079592734	1.10451443228687	13.714783289611
809	0.767862653587483	7.67214067913163	411.56074393691	0.327619645164402	1.24391657013313	64.0758579801822
64	0.614569977646593	0.931311275228324	467.231252142202	0.352805471623262	1.08039629107466	10.7626215592259
97	0.919120473564856	2.42307220995492	295.049866456745	0.370096359971123	1.07826934470943	20.0256684019176
44	0.668547764538173	0.565468640168331	301.407026724244	0.349213648037177	1.06363234514511	8.82373498359961
35	0.57662604173528	0.396971918345645	267.183384368303	0.340950306249921	1.02021066650508	7.40999169259661
368	0.839370739125337	4.39119240209446	443.630617211548	0.318993049238342	1.26806658582249	37.9342321590821
38	0.727844111457726	0.629185856996125	248.052640532506	0.36223842359589	0.97084564197428	8.51337277050645
80	0.783860811815508	1.03951322189903	425.534995659747	0.30228374454011	1.26014218545567	13.0248892355205
32	0.777651091590824	0.574908721632041	256.523978088246	0.389504708328238	0.973923927052958	8.09671756221192
193	0.958347147387782	4.44951323694208	344.125228359419	0.326994932432432	1.18454836419635	35.4600923420355
85	0.87642332386128	1.62470256164122	379.239104624934	0.316246592527428	1.16853841737326	15.6810136554876
63	0.386743115619354	0.405001617681671	510.198849844433	0.316493162932791	1.2330747413262	9.37642309750538
74	0.920135257793301	1.76323045310936	255.129093956341	0.366320063551897	1.05653989683973	16.3276423539604
157	0.901256669306704	2.84603583017829	375.475507005995	0.320002302553175	1.20769374743073	24.1803939465028
358	0.776581235896122	3.67703329184874	430.913402710439	0.319085239085239	1.26378177456514	39.9488837240634
200	0.883390419996802	3.82435978556979	363.993683678448	0.33541443579105	1.16759182638358	30.8189960407406
176	0.856808878923842	2.91152363511474	373.26208181639	0.341478249364216	1.22329474485228	25.3378748527101
67	0.910773555214966	1.77321640084519	266.280483354847	0.395797570107525	1.02313013420793	15.4937959550607
120	0.936348701340137	2.56963583094866	380.723226436415	0.327783035488335	1.20975322734917	22.0007827225873
814	0.859015246501643	7.95266455544945	429.409230595075	0.33271268872762	1.27122310540455	69.5502476936713
49	0.533918116972956	0.564764799834173	312.397610823427	0.350194479199004	1.09619529740692	8.81964027512642
65	0.916117416002879	1.56577549332871	312.685556652894	0.358252127560086	0.963987958570677	14.9363949164974
47	0.579695235816698	0.397448565101685	362.928948886402	0.307048322530675	1.10896313781068	8.5815563699966
166	0.842149038029339	2.16920624157452	476.294161931633	0.304022188653506	1.25775659262802	21.1703838190597
722	0.728125349159682	6.57304453993839	359.340443297852	0.340895430860258	1.21301976478055	60.2599828318736
50	0.836950707321797	0.954423566501202	276.911424728378	0.322159762426133	1.03403929439609	10.8811764069884
223	0.746284665187813	3.65881729191992	283.315539598842	0.364022945245041	1.11295456144423	29.7884444561159
188	0.840366129746367	3.12416073534854	351.441757375312	0.337487389747451	1.19673860224905	26.0961714792886
246	0.968935151541807	5.02736143438738	547.184878726438	0.334984079155712	1.29968389416381	39.3854158192709
38	0.818294914556777	0.912863903514549	206.674528558659	0.408460549473337	0.957404583757849	9.43484068330576
199	0.954068848583042	4.27018653010746	358.171093961006	0.344113081776111	1.18593807789367	35.2405175496456
134	0.960697011923721	3.6160992132492	315.771679067447	0.362752424370071	1.10154006798032	29.4641230772418
297	0.862898878429619	4.70488629141308	386.657994032799	0.345599973818698	1.19654815006576	39.9511765016063
38	0.849586597793465	0.987157475334309	189.294452181201	0.391744495150068	0.884842539065383	9.99662792907025
145	0.890226742726061	2.55051462174955	532.311707366068	0.313272795104515	1.3254735221805	22.5906840515048
67	0.804551093944999	0.954542892172557	369.706790062651	0.323663005771071	1.14615499164201	12.0837693284989
205	0.931421905879297	3.21847647252326	591.503906920383	0.300251631531908	1.37428921882853	28.5229907414468
166	0.857404358994968	2.58324088777021	447.624381895228	0.336850251814958	1.25323487754093	23.0175542415489
231	0.979763199951593	5.56754277787101	309.130915360857	0.3390600115306	1.10141140454591	46.7749313977268
40	0.722866037330417	0.723804834982259	430.069019980578	0.324934006404595	1.2178032958801	8.82669197796333
36	0.813068971824274	0.730695450014326	240.165675789706	0.374129225742825	0.977757766865932	9.00325401053897
57	0.959428808318646	2.28965440512056	266.444299166702	0.446121496415614	0.899165702520229	18.5845122383924
686	0.947897011277754	9.80214738621455	483.823112920926	0.325115555492268	1.28135893840661	79.7786689736256
412	0.760946051900369	4.56709328184979	377.265546790272	0.341430399833092	1.16462954642332	37.3576501932246
254	0.92564159879232	5.11842278403362	316.809814721608	0.34558139622393	1.14790253426994	41.5762680534285
42	0.894599036487643	1.19270396730724	230.10487547257	0.41414874473698	0.890341052122314	11.3480513066959
253	0.978759005972805	6.28320674908261	316.240342834682	0.342822790618509	1.17071514842984	50.2903753999221
105	0.730908831302345	1.79300026003632	336.258076590236	0.341716219603374	1.16332368520762	16.3161731321988
948	0.952309525722702	11.5422640450485	376.635101021991	0.346080982754054	1.2280261791996	91.3422895744663
82	0.84400236215243	1.29730650842257	365.3846052152	0.294085832571992	1.16892471480254	14.3324936108653
48	0.789356280784537	0.789923012134981	307.917813405503	0.340524674472043	1.04803182845849	10.0989676100465
2227	0.836569150059475	20.3759781743869	391.545313341948	0.336064600106901	1.22413150268299	153.447078829457
251	0.945405317115722	5.02430465587002	344.956722979828	0.339766815826348	1.18278020988445	43.0221254434837
87	0.509444556015777	0.946365352736874	426.55686161558	0.294791538578807	1.23581730965247	11.8895596596746
36	0.766875305392067	0.559500531968152	256.930641975311	0.345200722307241	0.998978193146448	8.41376586927915
153	0.956544520444095	3.72420476157234	393.91736681344	0.355841009676868	1.20091186666473	31.5580302404355
57	0.811514023745034	0.954104203003666	331.894576012077	0.359686820402933	1.07682083731235	11.2742411889489
56	0.704921938299133	1.04304665346936	298.595350436111	0.349781478056429	1.10557494667529	10.6735913559443
37	0.848176509525528	1.08694275996188	221.909291934785	0.336455617270097	0.922938242863757	10.3334424344018
44	0.962617351997888	1.93676862072406	172.000196448657	0.479330498210954	0.769455016848554	16.0262911695866
174	0.935233510209213	3.81123586950062	312.408093104702	0.357295465044374	1.1055650354852	30.9308678860035
319	0.551476986633478	3.17444697928247	510.844062596937	0.312538010128841	1.3385702646698	28.0838838995287
42	0.697706446655856	0.569598223310068	283.172726407692	0.352991872991873	1.05578674707943	8.72633652332195
92	0.614040057949851	1.44085527216409	353.472374080626	0.338622279720057	1.17328329891421	13.626988443319
98	0.931723972447959	2.59554640538407	292.508797913611	0.357623399591725	1.10479807061363	21.6581515791391
69	0.859214020112124	1.31181293316749	346.03125939672	0.368842025062743	1.12513088043054	13.4484336505207
424	0.821295162532491	5.38765001714605	328.79313824299	0.370439846937442	1.15602955424276	47.184154023532
54	0.738766717888994	0.832444889260713	327.750630491519	0.345129526468269	1.12208316667839	10.3408967523236
123	0.944373176903628	3.0887613565703	295.938410193648	0.359780679533002	1.0821000590332	25.6928729552739
271	0.462566618131441	3.55787286700105	376.998053551876	0.33548861655649	1.2036185099786	26.5913676979603
74	0.94592655171754	2.03957264927682	224.011836659498	0.38375924059494	0.994748641866732	18.1279781254746
200	0.847671538621544	2.95931097463807	536.898844097617	0.309243642308658	1.31303662287106	25.6263874990357
309	0.694054329037209	3.41536054116317	337.426167270966	0.343356635600138	1.184021631452	32.3903963866623
67	0.733536903041418	0.951415317588636	371.752790117167	0.326906819642923	1.14725595997031	11.6669318834384
120	0.97747675780174	4.06241030504287	244.893988005294	0.382899739539289	1.04436447528057	34.1263717633354
52	0.568629330268825	0.709418988243312	303.221467288178	0.35931725719961	1.1052441716656	9.34288999644297
46	0.920670313624521	1.44672907201645	199.463316770754	0.409768934271685	0.895595972912124	12.6576493513399
1292	0.329904927758861	11.6956154180521	370.72833779114	0.332910101197851	1.23344705518662	77.9578188703237
281	0.679976370196255	2.9957995337319	320.993063209318	0.333661893611529	1.18412873327343	26.8715723178112
31	0.876142128441049	0.909150849043976	142.89314192968	0.398074143662379	0.789671035585485	9.31745327290717
37	0.833670801651823	0.790531416414814	233.322236344105	0.379595948566537	0.931472618041875	9.35313068709647
877	0.973601156182245	13.8755344228898	375.435803632395	0.334422375821874	1.23303604162375	127.205187143743
51	0.582482282285712	0.464153632090258	377.877088030855	0.303576420477425	1.14806312710586	8.98402508402064
262	0.93202632687021	5.10658601589017	326.607522028679	0.352948039719919	1.15753888916076	43.4210613245281
209	0.943755779293692	4.29675889275608	254.266997090027	0.358888202652213	1.05630151000188	36.2815058256435
117	0.902887883594174	2.12917823175841	377.544808706198	0.31829929063133	1.21193206294728	19.9063587532981
216	0.922767450723006	4.06725186595709	336.539889930814	0.362483120040827	1.13552015897589	35.5757752286713
58	0.904132790593493	1.7636828532722	196.665484685776	0.398671634406928	0.947647534334951	14.9122346802198
309	0.852933590771111	4.50714358661129	397.735007816202	0.342434928184785	1.24634553862707	37.8703382075619
48	0.830549208648627	1.03054189681552	236.326741834651	0.400067652840762	0.990532526062989	11.0371082431037
32	0.865155610695419	0.891362143240141	236.44207519457	0.418896021273994	0.86289527651887	9.15690964289481
525	0.990033539889218	12.891066515324	296.800602119371	0.345447456737614	1.13067763423461	105.169926679733
52	0.900630873026942	1.60334768862396	167.768769018041	0.390045248868778	0.685884241795075	14.5015421580159
166	0.972200826851292	4.27208412906887	324.142089745391	0.323442261497221	1.13636088019587	35.4064655506163
77	0.909735514358601	1.76035969091193	279.385522424239	0.34073268057139	1.06515351397005	16.4006225644547
77	0.941251930554141	2.25185165178751	284.912710683583	0.376116258362248	1.05309708182802	18.9603606459497
40	0.402820474045329	0.441602634185577	295.28274608952	0.34191391463862	1.05062786359955	7.57139228142332
33	0.82255852913232	0.731187218241236	220.669041205574	0.378508430273136	0.918254696530733	8.61299386179923
97	0.891462850963954	1.83193948476555	330.579976783514	0.35481232449046	1.13322593955422	17.6277851689421
31	0.833962439031035	0.927045320601202	167.380134082455	0.425389395977631	0.792019630462753	8.99964093955281
36	0.809856256288334	0.833068195658756	214.949527721397	0.393992175454517	0.875149830773174	9.09095249446525
48	0.85894214562691	0.984436294932407	290.039666412056	0.358008201867025	1.02771456816657	11.0235091716562
80	0.463890931983062	0.413135802162231	633.454979431337	0.286942540209308	1.20290898425578	10.7562772370374
60	0.795305331393955	1.31412669411052	243.504793501322	0.381308548367372	1.0195581224953	12.312718651895
59	0.507229389231584	0.438303253222662	405.572292789985	0.291526749028265	1.17140724780875	9.38459627207953
34	0.858457924358928	0.913812338592454	249.297113208481	0.319260306886605	1.19372104812087	9.36828190664188
62	0.776832521350767	0.779074607940988	490.481745682342	0.31803058315169	1.16457601981031	11.1862592930477
184	0.793686433335311	2.24209353784462	609.279339122216	0.303235975250123	1.37229821685612	21.9801285786438
202	0.994595545385224	6.92025961222952	249.512953835722	0.395586899962931	1.03099127928533	57.3356207775917
40	0.788116092494506	0.724489490792384	268.590806588712	0.360913182924568	1.01873449757503	9.23470565631458
724	0.941266236274879	8.89756496907044	321.193692402881	0.35067816324588	1.16388908893001	80.4242843494592
33	0.676287601340784	0.394572152396942	253.244908390647	0.329047352087538	0.963955899583647	7.50126819449418
82	0.80737926211878	1.24360877322024	372.021153328643	0.337586181470264	1.2161968076615	13.7929769261094
280	0.976229662228185	6.00298886223037	341.388078112196	0.357228240522358	1.14743369239978	50.6980024494195
31	0.820556398321267	0.662148732018317	188.283483231915	0.360819690436059	0.916973231841135	8.3155279542429
388	0.940787918522541	5.65738321480607	436.422724109068	0.30800125282425	1.25683717033511	49.6095839052872
110	0.908463181896788	2.14546022236283	358.552234901196	0.33243975661088	1.19644433543991	19.8586761690159
1069	0.882008487228478	9.63165097170078	377.854748603149	0.338887413625848	1.20211588147563	86.7980580226077
97	0.961401623254726	3.09974291384043	299.062867519777	0.339383915877497	1.06973272623784	25.1593977673108
101	0.955123506942599	2.50534308426118	296.631289613987	0.359980936922113	1.05279193074365	21.7111941265917
81	0.946694465047001	2.82343526430515	150.243008988745	0.474353196399232	0.736529671151091	23.3784813984727
65	0.919457219638084	1.46675453890977	301.473126038624	0.360087982301531	1.0383765545434	14.5214379363639
125	0.971020451108838	3.51737936234117	298.62140098775	0.367434726195128	1.12057593763139	28.1903032603419
38	0.723693278493282	0.553360775163375	310.346190699475	0.327351210402058	1.03073855597759	8.36914613291028
109	0.949690617636593	2.85527711445297	313.128785073304	0.366276833279	1.13214024926656	23.3149477732243
112	0.740527545370052	2.08018788314248	220.507401171689	0.376244468965057	0.994001976495586	18.9952822147528
2893	0.925148374327055	21.6208491167413	400.70441479606	0.331897553057344	1.24654952540795	199.352581418081
240	0.98575425636733	5.95212943183631	386.121878070441	0.336895012659718	1.18567020609175	46.5137142900368
75	0.901737119969955	1.88582162009275	246.777869585197	0.34344115437541	1.00659078006116	16.615592051875
57	0.832530639133445	1.05565505508587	331.578583536723	0.353834552600223	1.08785718427632	11.6996791827705
157	0.841196133284166	2.69660118982063	379.28213436933	0.348194828363848	1.17397765453446	23.3316088071129
31	0.677832718699102	0.446842984354461	230.509346363273	0.354603168341309	0.952998812747701	7.32743890457091
566	0.61496490167578	4.48099973345476	355.403064632444	0.346683836881156	1.20369079187024	45.618529747688
52	0.69349391134344	0.614447188672944	401.373364031799	0.313923315688021	1.1207318496344	9.64765612966033
349	0.971143665685729	7.0779151849247	358.410060453742	0.326782818551564	1.16978010621098	57.6679758963563
56	0.769159257748815	1.25197272044535	311.624649035357	0.397065306597553	1.0829249759801	11.6315538712339
102	0.552340018131254	0.853130261771124	508.971548612816	0.28964571463813	1.33390573238672	12.864250071694
44	0.797031028325385	0.889151843974884	261.452148599879	0.369429893028509	1.02020526335102	9.88354525253737
60	0.822518300535443	0.982385189050503	301.467747423985	0.360493438346683	1.05722793254402	11.8476027471095
139	0.919008484522479	2.55526683359113	416.803695569828	0.31885337129681	1.21856069497256	23.0230929307173
194	0.960202906916058	4.53154120756784	343.916249738823	0.342913345496824	1.16891132539741	38.9848009368514
37	0.698819467062902	0.735586790191397	238.715278787399	0.385927392477472	0.960678231126529	8.53591511279229
86	0.93770668392347	2.28649348759969	285.184363585754	0.372285688238629	1.07777322819206	19.18110788019
210	0.948045652047538	4.63420239882166	308.97575743081	0.349894081778836	1.13167345553248	39.4188632891244
147	0.949700814025709	3.1829148915773	431.631136076821	0.331499506348861	1.25239084636311	26.6580570663423
73	0.962981920661119	2.50332733212009	207.071907883454	0.373782014884956	0.898025639582677	20.9239041163986
735	0.720309994967292	5.25064758359737	439.186656873812	0.336234864246766	1.28571029182239	53.4542942977835
118	0.913737488086189	2.06477097884478	448.215796997169	0.345412261294614	1.24487949091391	19.8675564149628
101	0.922857659483682	2.09554829102869	361.472454071518	0.328518754695225	1.16708600663358	18.9221814339301
56	0.594736872740394	0.69685757510285	382.091284984375	0.319186299219162	1.17476859436976	9.63890327512311
149	0.882699523539687	2.73169266231063	317.404271108854	0.361907549564252	1.12029769364309	24.252819743548
133	0.77131140538741	2.15723359916952	344.004595334421	0.355849006626995	1.15333442599127	19.9382507330286
52	0.885354448466596	1.59456037448113	204.225726787263	0.464100013018419	0.832387854439451	13.6516638600771
52	0.965567068349713	2.21126254013314	146.999592950045	0.423643170030853	0.764877765102729	18.4195561713814
40	0.696138831909033	0.672905045305748	211.847204035196	0.352042522602064	1.00403106530367	8.70644774703352
417	0.816831904623307	5.52335607069388	351.954177503833	0.350242706274159	1.1761724004154	46.6476154227698
205	0.920994462117831	3.97827184923115	371.904763126691	0.344996180103447	1.20768133505495	33.1132068272058
396	0.966982322988421	7.85461805581511	315.09664288486	0.33629484646849	1.13289380872603	73.4685372812292
1243	0.839746835713914	10.7808468830778	347.085343355521	0.355084404131275	1.19699290273726	87.6778368288179
95	0.695999183359915	0.864431780104068	586.696962232755	0.293949345018004	1.30241506563886	13.219255020753
92	0.798152805072037	2.19154202442757	195.198647079936	0.400857887565026	0.951485663469981	17.5096759787203
63	0.851719282097684	1.15194728689084	308.76224188883	0.363020993041277	1.11462875901563	12.6701152002912
185	0.980317218652103	4.7157524926558	253.324134671464	0.370155041001623	1.06515746179118	42.0098831394975
650	0.976011576881924	11.1564691120102	478.53997011174	0.328322058545588	1.31229548826202	89.9354425515705
281	0.658263875844855	3.76082402046122	352.305672319007	0.329084629659093	1.1738722014348	31.1658843655894
90	0.707424915069183	1.37526914572895	317.419778053365	0.352648796578451	1.08149857689685	13.7804185084329
535	0.952643861571382	8.36436041896521	304.827595946932	0.361387979797938	1.12579598130764	74.0130557353521
481	0.936056266410031	6.51261091466334	436.245981356066	0.340545438390647	1.25030233822473	64.9448991841466
90	0.954687841496394	2.69319743710126	249.192714257219	0.403809613021127	1.03034094985599	22.3117504518373
101	0.973563307477693	3.30965321566683	267.661920925614	0.436767442661218	0.982975185151255	27.9532605089071
3044	0.97792568085007	36.742925742014	333.807245404915	0.35353503997417	1.16944963557212	268.777885217096
67	0.797409979453567	0.998954303126948	394.277083986094	0.306623544976486	1.17625532850799	12.0979612563412
973	0.889255422566729	10.4114469449225	373.889111111382	0.337894918954822	1.21290339474211	86.4934545116589
82	0.788967449332966	1.0342251756228	434.712502651492	0.308635369717723	1.24870893108506	13.2486060209089
158	0.796416631576012	2.32683029924788	329.294636328501	0.347569116313155	1.14774898522456	21.5450096836886
98	0.786359402917183	1.4402998626251	437.815274261248	0.303083378118457	1.25463567331069	15.156978211507
50	0.722460683186251	0.720090814064435	336.340186675776	0.347296318943378	1.12071183778146	9.74350343653567
729	0.977805994329687	10.7012750634145	521.12570840382	0.314798225370306	1.32501942012802	89.41273592636
34	0.774331247575304	0.712868829162174	229.986994171354	0.422520843974131	0.922985804854584	8.52424744937036
307	0.880005814380038	5.05231902184162	260.647837853224	0.35277653096413	1.10484470271421	42.2295412667036
145	0.905916798767755	2.48798298495353	534.56396325093	0.306081650552239	1.32595080502968	22.083150344512
46	0.772564312297642	0.833045988680106	282.885763701648	0.367700911049327	1.03080254490314	9.95934294648712
135	0.977334758412592	4.15369057969314	256.015999690022	0.342650516312755	1.0255886810028	32.8593066442761
96	0.887211884608773	1.97433982069468	332.096320480341	0.358368436015495	1.10802515204461	18.4511355784327
39	0.696634406261641	0.52072839849195	263.99341005438	0.359130356563512	1.02342726763444	8.414860345363
279	0.787600772499546	3.78278665794323	299.551125701237	0.35052585723866	1.13090799733069	31.8040250466912
85	0.932634219465251	1.96494089274762	289.309258040213	0.342619384820523	1.1167426456056	17.9556208487073
110	0.830610895827584	1.6141919307163	289.318810204673	0.359761667473349	1.10450905095384	17.5738756120578
269	0.778181894433438	3.57869781076759	400.42289291693	0.349957180358462	1.20323290714958	30.1878783799646
58	0.955252264916277	1.95452102987877	172.584291304451	0.422171738422985	0.893904346307903	17.0584889137105
68	0.873866573947826	1.27949593668442	327.39481524117	0.310449282595546	1.12644376782584	13.5380665087216
153	0.92818107415894	3.31142726062731	300.8748014036	0.347415143577383	1.11780414798668	29.9136990389569
33	0.863060252368335	0.810698638985678	204.55575632213	0.392255280490575	0.902861686492532	9.22887067989416
371	0.946239348651656	5.6650658859469	356.939011398577	0.334525315447057	1.22070765391562	47.9415991007086
107	0.931536957650723	3.02767773314319	188.985529953238	0.396161655886312	0.893997612691586	26.9349428527577
64	0.906661913650401	1.3235934259132	318.759872381769	0.367054684339752	1.04601615658788	13.890193607338
112	0.944853066168216	3.07870041403444	238.78107416459	0.425993465993466	1.01391013653113	24.9349953184972
49	0.955461587042983	1.94316239521494	191.221872850071	0.46225946732734	0.859274698486969	16.2901214990728
218	0.949033509339534	4.22966174769496	471.060172455771	0.319432436377408	1.26448881480069	36.155337716598
155	0.663391703518224	1.68764446212296	716.919597313092	0.297754042281805	1.41043360138878	17.7153027172751
48	0.756466564001029	0.786164193313074	288.075207564418	0.347840658758306	1.03469044070361	9.94226443824848
483	0.973218601737244	9.55844660291274	427.484370585578	0.318734158029419	1.2634443138212	82.3684168392607
149	0.937445716470544	3.03359893944936	382.6083209604	0.339815748227161	1.16752371395023	26.3583224671797
324	0.971390063875807	6.6010376238418	303.483677860885	0.369320616564503	1.14553395059147	53.7682975778678
235	0.871608618965517	3.54547944888196	295.197965989905	0.369085648858638	1.10623826766214	31.7331886940151
46	0.90558072243603	1.6033521628547	180.198256669792	0.452313712947197	0.788951137576994	13.7553035003017
418	0.922489633338826	8.73065828675734	284.234399013998	0.382962901201257	1.08386075511134	64.3271800236566
148	0.879982136726107	2.08678115615049	607.541985735042	0.293035251914145	1.33323313010988	20.7273362169301
96	0.957277176023434	2.52998552499185	268.714442780321	0.383824830747908	1.05311276116521	21.3821831531897
51	0.651559739557789	0.570363580875346	295.95834059054	0.341371811252721	1.13327665030624	9.32282086181499
179	0.927807651255051	4.13025315353574	274.513049280774	0.380475875008747	1.05020564698415	38.3431992333484
801	0.813498932790676	7.466780020821	312.147390801111	0.363263418527923	1.13857030140456	64.6259309870026
109	0.848006598805253	1.45157720666605	483.078893510743	0.320226128971967	1.28507432655884	16.5733992511072
70	0.892274568365768	1.68021181062351	239.577508698042	0.371360888058136	0.9690986748789	15.2222597556564
65	0.603129211770324	0.629595711611616	445.780472240005	0.317633206429248	1.06736872330968	10.3472892442764
39	0.962019321043595	1.71623567553466	130.289695631365	0.490869877785766	0.659335438853634	14.4335839209143
225	0.846717213402961	3.53015811464903	413.989353774263	0.32203529797957	1.28165775529442	31.8348041530301
389	0.967023720130932	6.74498746152459	486.549890583248	0.317235685698827	1.31735365097295	53.5762566737329
504	0.952841643571135	8.30518459044986	358.277519209739	0.343498775972149	1.19750256472868	71.4279872265802
91	0.760611954624433	1.40215758990465	328.909538146948	0.341982712748009	1.15474886845898	14.3820257305412
33	0.727629309295861	0.687806632156031	246.470042895723	0.385005078954659	0.812419122990719	8.07103306277721
76	0.672739191677989	1.28425746212901	295.478937519437	0.343715477976597	1.15550626336626	12.68789236519
133	0.806491995146562	2.24721391428069	320.534305341638	0.352938006512667	1.13870479527455	19.8292704504478
61	0.803665305760222	1.07238035149789	327.919574402735	0.350557543785373	1.11680448351511	11.8607707963831
135	0.723566155522642	1.89338331174055	443.372942056035	0.359680828485894	1.24083659718004	17.7166869947567
229	0.867260500788077	3.24468734052782	663.402722434176	0.321365815808007	1.39110200119018	26.8596995069299
64	0.791127495605465	1.16084955002426	279.171131878242	0.360248883692212	1.07754943230235	12.2355934115992
83	0.227537048093125	1.57881002609506	250.970201202562	0.362897215892277	1.02930229640205	12.3215407297732
388	0.490722842309049	4.54740052118888	352.728690157222	0.33815296609072	1.19222997572952	33.953716768635
338	0.957331220992272	6.23183491650407	388.352959337447	0.333204006363626	1.23760446035009	52.1739559540053
187	0.864598039902776	2.69021729344722	462.832452668328	0.306984814296004	1.24382788390175	24.3743554774165
54	0.890739179535674	1.22708467661354	257.796641357728	0.371558445856024	1.01695942921271	12.5936272986341
45	0.791201689942984	0.653527307259996	294.736471514703	0.34844618754121	1.03145606767268	9.66259219094658
303	0.959783254864802	5.37081179194996	399.412792309343	0.340554982454289	1.23037604631379	45.6792468369283
542	0.859697139186222	6.27524998464808	390.906446449569	0.338317575315547	1.2558050169192	57.2175108193006
32	0.786674462979852	0.647587187860372	199.442741346622	0.37866638131344	0.905145930322592	8.16366463624268
98	0.891192379421057	1.85601256865563	421.290627585952	0.329688194704434	1.20810320717417	17.2037643033289
793	0.944552838556	9.05533799660012	493.586390717347	0.326126820159785	1.319271144275	84.5489658127561
83	0.841288195630884	1.4073540241644	371.784128491225	0.328968024073219	1.20507377739166	14.6040879579827
109	0.622089488547615	2.00920802819097	311.958541949362	0.374041209664739	1.14514168700392	16.1080737689416
218	0.975083608633427	4.9188816742506	452.716783621229	0.310152755116887	1.2427418886926	40.6650682532949
205	0.915758032863682	3.42619701875863	475.798010389326	0.305141752901453	1.30304980962202	28.1125344589058
41	0.86267217124686	0.930660761073807	253.989920367376	0.355389856566327	0.939332840155859	10.1878284483472
287	0.875102373229007	3.79275979319339	488.344024098616	0.327226591818777	1.31695421766761	32.8816652776859
38	0.956749362175506	1.76715797316434	195.036405560012	0.343757459948636	0.963911018928635	14.5671507195594
104	0.900596022299322	2.47537215471516	374.399446606592	0.320594328361117	1.1981955007441	20.2595157520785
344	0.813539716325183	4.82825890759733	403.554404832885	0.339192486275693	1.20248047739693	37.823164567878
244	0.85422201350899	3.46114576031278	597.51936914207	0.325184039586248	1.33628339518715	29.7342588416214
461	0.895576992496433	5.91300680598057	359.244129858668	0.352998180561206	1.19762580513335	54.0342588774273
281	0.712932987257392	3.25274485567119	418.174811023432	0.341274909578368	1.23052434225577	28.9040778049165
181	0.78437666587259	2.28826402707073	605.877163649123	0.304043380398555	1.38594738218471	21.1024857876948
320	0.958906324418286	6.40581262756361	286.498956273947	0.337910299545047	1.0874576303778	57.6301070889941
405	0.976068400095523	7.45915306044035	445.486447503332	0.315070024661939	1.27472043703357	59.2539093555847
135	0.850947590383415	2.60102749890623	309.099490442471	0.356524364195597	1.15576310829806	21.5776688147617
59	0.967784757226088	2.19052214837125	199.261141114861	0.369752732039579	0.845396292002459	18.1109812322172
61	0.77761245300412	1.16633384353215	426.180694635813	0.349175514469632	1.17296441872919	11.7070242495424
537	0.699826997808215	4.81427829411454	433.626159930391	0.31835054073434	1.27554052811658	41.7896908083882
105	0.941421619276677	2.22550464777743	336.482979230721	0.350568767469023	1.14819318256962	20.2947122994742
429	0.963494574004304	6.30705966797085	691.123207408939	0.297033743106602	1.42900574454143	53.7192590005412
125	0.98626598978664	4.15047360628631	262.415585038154	0.374091089964485	1.05135049773158	35.8827327336243
88	0.903417771782115	1.75327134426871	387.193419295229	0.317070418368174	1.15688264652391	16.68340147484
74	0.735365569196844	1.43538723378108	239.528051782713	0.348832069103562	1.02328269142735	13.147209312377
305	0.756372016538683	3.96758055883013	437.421177505537	0.350060605738355	1.26506966132369	34.1498453360378
139	0.57655626608384	1.74297792580365	548.625483479617	0.330981481529667	1.29656976174783	16.6593049051967
236	0.80499411872505	3.06082318145458	688.16937995997	0.275308826544782	1.37831127093416	26.4373290488332
509	0.969020564801362	8.44291842452343	461.525126595829	0.323761626612358	1.29770456787501	71.7036454688583
1146	0.954898766084574	14.945616925968	359.124578408416	0.347047799678304	1.20985481857559	122.574011612439
205	0.985897382913084	5.85636677201187	326.758166243767	0.353953572355786	1.11141875412804	47.4311721348386
373	0.861149657318241	4.53791796673466	715.680255043316	0.325217504571814	1.40069473504096	37.4653735385617
3220	0.610227603455178	13.5126954136962	372.089206851174	0.339568226015859	1.22887461038884	119.024037300048
37	0.823481719843771	1.03966362338674	205.262546043443	0.441150743503685	0.862256068523157	9.82863486976205
37	0.870255448527195	1.05260553940734	162.112464276516	0.397232370173547	0.856577223526673	10.1685907388237
52	0.762487393711914	0.782920986741987	350.118042820301	0.294359995933348	1.09731523473565	10.2871121985768
225	0.94668726789606	4.14587603640302	540.956865141816	0.30470170067893	1.34302315563008	33.0105919083795
37	0.78131624587071	0.930391451820893	193.853844372524	0.425578972637796	0.852784501226393	9.39490734122554
264	0.90042590818732	4.20771020260491	516.036632755673	0.317383605980488	1.29942322137841	33.5105077617082
200	0.993874258897424	7.2975432374078	204.683062088194	0.385390021257387	0.949761648087941	57.8600611459981
650	0.974119417421974	9.45931946370834	469.531699586707	0.323223061971163	1.30266571468397	83.2077897824975
266	0.832543005279646	3.38688537662572	604.353943922884	0.308662846327577	1.33871101223938	29.8046993487228
180	0.701869857086241	2.21759080816866	504.418126871801	0.307603840877039	1.32493852310773	20.3699134015833
380	0.931289927122963	5.91366552795744	465.35116210565	0.329994801778794	1.28492777003343	53.3797179099585
214	0.30668694524641	1.91208933303702	683.442109031876	0.313913862775343	1.40405231705769	18.4292785491446
345	0.67567693476477	3.06221260740117	433.373870695374	0.342052488183476	1.27213268302121	34.9661663634238
42	0.632782553524881	0.493064130114743	276.357301556941	0.352079440844596	1.02992301135804	8.37106986534087
342	0.957956324000917	5.78476856702739	509.313261791598	0.31284337819999	1.31157934397435	46.37325345599
1659	0.785017587425608	10.1612108219909	370.375360148457	0.345520003026562	1.2162530305319	88.5863372551806
48	0.656847470538657	0.944113194619552	285.944000962801	0.354937417794561	0.991844285746364	9.61352408339335
36	0.818741259007386	0.904892629316458	207.513838664946	0.393260092671857	0.958260128476007	9.29590327582344
194	0.925794844608277	4.18144260625832	275.928544012147	0.37650083766583	1.08911988069675	36.09818556941
119	0.952033066060253	3.06398504214715	345.866862243176	0.356797317679671	1.13830297827665	26.3084053536876
956	0.914741073674955	11.8363501947662	342.21176462893	0.348376301488131	1.19434067769245	103.077062905322
457	0.813074552254821	5.06412676252853	308.248465643229	0.369087692302804	1.12246264801219	46.106662712202
46	0.825702631378111	0.875164570139524	291.437578176013	0.356047382223853	1.01584968363411	10.2983042697271
845	0.909057115219805	9.17643837502356	337.114670190692	0.343614302969466	1.18959496460562	78.4181187995296
119	0.625238209212007	1.8938171854745	384.356355080756	0.328972949323196	1.18325728153036	16.4300069239823
177	0.911831889007095	3.56933352866238	276.12988617123	0.374567808552924	1.12254893569073	29.9336950485289
203	0.847256485595348	2.80629304561661	461.457028804104	0.331699591566707	1.30300436154152	25.4780347180898
230	0.942366825949174	3.79946376113355	410.037653587644	0.318664394626857	1.23896998807471	34.959991851587
144	0.835016306880438	2.02888604761964	285.442983530672	0.399552592895491	1.06093437163853	21.3333763798375
42	0.945151872537998	1.64508871541812	172.159719286124	0.418793087242285	0.787171854999947	13.7383840465154
128	0.905689434911834	2.38762705694517	388.675252559114	0.353241753687809	1.19941658498242	21.6981117129424
146	0.867576030503389	2.94537541019221	226.922356600283	0.396827260187137	1.00076538134281	28.8092204583629
268	0.590780748591311	3.18387558771477	280.032266427327	0.34010471917082	1.10517906224016	27.6608745378594
77	0.92326786528204	2.32152204480114	235.007048313404	0.411753164694341	0.933889448623537	19.5150167728011
93	0.697741000640092	1.71605253755956	253.894942925442	0.357969787846873	1.08647900283789	15.0286561209681
41	0.74641750018246	0.651274405786517	277.729557794514	0.349458506142156	1.01519046355586	8.94307481218153
393	0.87281990106764	5.51257320019594	413.327946329539	0.333567668149477	1.2645362744069	44.0695243177247
377	0.705757315057524	4.59300923284033	410.164844163258	0.321524442442663	1.24360846745077	37.3418324801233
136	0.816754924985957	1.46241726094465	612.776795493953	0.27552090091472	1.36051775594797	17.633352449779
337	0.95612058762872	6.26401517078386	310.829871067091	0.363353177029648	1.15903817892541	50.5172338235276
108	0.64749258509864	1.02098196850931	545.616799328527	0.306998815588662	1.28547918076842	13.8933417428303
63	0.70517546261227	0.812375189358293	359.15364898921	0.333203482701331	1.17476032060883	11.0042409841293
301	0.885758803614144	3.95243011109559	385.229390070811	0.342819900537266	1.20240137036583	35.3388023554982
37	0.77294826428775	0.631907918232298	228.003686411544	0.383101706599885	0.955589300503169	8.70228091231532
45	0.972811597835616	2.05224152582073	127.900472609536	0.443711843711844	0.651760756422792	17.1876653267288
151	0.80150357632982	2.28549171069562	447.684341431322	0.321235037010859	1.26178793509823	20.1861262042407
39	0.824076587539036	0.891840149765337	236.126976069628	0.38511948561799	0.965388807313661	9.57910017440592
221	0.868958277455758	3.86794719924997	302.872144742537	0.369516838548512	1.11598376156178	34.0636343927406
109	0.909009783590273	2.56427961489208	333.808038618218	0.336224572411875	1.13384463659005	21.4636699450631
34	0.921497591222481	1.21209963570148	188.542710231847	0.402354788069074	0.680870636537448	10.8940096945873
521	0.978568559224274	9.02908917341409	417.754420726302	0.333994076947313	1.25417999634427	76.0588344084545
35	0.419837770617875	0.582160283390092	277.034845924116	0.388929319752849	0.967454586898263	7.30643670413572
165	0.896354065518236	3.11606131091736	320.98908107641	0.339428214964102	1.15480999769592	26.8430407136705
70	0.956107770185945	2.46847153942751	235.17389926127	0.411546450666847	0.993867321218274	19.7286004890191
46	0.895293857818138	1.12848944115851	298.19457959199	0.345738883838431	0.956377344807038	11.4472242522333
45	0.661890703690405	0.582805332551941	318.111222247577	0.349133737486678	1.10154319474113	8.84467112082051
51	0.705438116211028	1.32862891440326	143.484589907276	0.429997211691329	0.756006209760122	12.6700842082404
1345	0.561969978381504	7.52904630347128	488.883880840368	0.33410664726875	1.33440748367489	68.101196938312
44	0.751940030577368	0.700760365241887	245.984769652713	0.341592055190671	1.01160197774431	9.42143653089184
31	0.640671387707847	0.416059803507058	253.470734255269	0.354216560744075	0.90627136873385	7.17284956148073
476	0.872515173912616	5.80481600674933	315.357465181825	0.368216970390194	1.14083323825181	54.8330493674563
564	0.846200541578117	7.51492103103734	363.307322082561	0.358027029977826	1.18112353765581	63.6249500034573
78	0.914143050776951	1.78911286469767	289.533164991109	0.363102216631628	1.10182903867267	16.5457053022042
73	0.84369718662503	1.2413006098648	329.357842362359	0.339372250306506	1.13453347936114	13.5718854029008
133	0.963439325414402	3.50966972963989	285.547963490412	0.356999680676151	1.0905873707947	29.1091878121688
146	0.869026198066275	2.54202878890724	405.515873199133	0.336686844384324	1.2028643712162	21.5171807168187
581	0.822663673907608	7.08861423118048	365.056495591928	0.33506869505547	1.21406775646272	61.9509697639499
579	0.863713013813681	6.99572149596005	343.108806281105	0.346149807007982	1.19289652433317	59.1559481322714
407	0.820367775660013	6.64155444747154	362.792846989251	0.348253804977547	1.1705556417843	48.696456561018
126	0.780130863246451	1.33572583177462	572.678445943136	0.307286211733977	1.34234122793649	16.483777040074
232	0.879718516263639	4.08596525844536	346.740901638485	0.34854467293334	1.18937198643898	31.7124721166329
1191	0.89513706377489	10.8683961847904	326.835855960172	0.360520670756712	1.16995361137367	111.881227088307
526	0.936074601935868	6.70518186226658	369.136863807501	0.349016246793276	1.19942489095385	64.618848649375
937	0.857383849693347	9.96931707287993	336.226441978668	0.365664217621395	1.17409053308617	78.4435809647924
2968	0.885783665005724	18.5018826051968	388.247134783777	0.345519843992664	1.23405759817855	149.730976018756
53	0.652285220930605	0.827608515929837	278.218262314335	0.356870956282721	1.05085151693764	9.84601905658233
56	0.961468747399956	1.96647900030827	167.867201105636	0.438442236599572	0.82562170373931	16.5856057870866
62	0.899263101648009	1.78530318781348	232.800061213429	0.384846194184045	0.95782043991899	14.9616805134778
336	0.898238081730857	5.01697360388566	285.238614112355	0.371445682457447	1.12618666423492	45.1089907751835
1243	0.864265667307668	10.4329262571578	424.554487846978	0.338841156630315	1.2643476393376	93.2692365447028
241	0.912142467862198	3.99838974312996	341.950994548875	0.339962521942939	1.15153123973334	35.7113259638563
33	0.729433325066228	0.670640487598524	210.880915329153	0.416804463863287	0.902750400609605	8.08568664516844
58	0.887506667599702	1.33368438061454	289.745814903956	0.358947392208262	1.0708359137974	12.953459650124
172	0.880641011087829	2.67413502563124	492.559029614838	0.300325385730359	1.2905294164478	24.2289764922017
558	0.911209090148991	7.54202270973549	357.135865999875	0.339817920078101	1.20619558909884	63.4720910564604
606	0.859865415641917	7.71025251658263	407.258723113091	0.341264637654409	1.25546768679662	63.1062176518241
177	0.91771138263908	3.55777555030361	258.198930732771	0.362634935272641	1.0269656687592	32.0993724730602
758	0.91079748496299	8.70770904746234	396.542809028637	0.334443418500151	1.23769674482404	71.2354224340318
193	0.894967750179593	3.43787002157578	334.955915606131	0.322856762137703	1.14200413883831	30.3690884459338
40	0.822144382424911	0.975995450712893	197.086062207839	0.395256817903877	0.910705006925232	10.0445408497385
103	0.763936369259936	2.22650202000062	231.586391044571	0.37655224432718	0.970630642374504	18.3354541440202
695	0.918221528252231	8.64634719200475	438.577875141909	0.325059469971384	1.27219568791864	75.1275435377806
117	0.802038207831509	1.85838435897896	444.903686046298	0.321860035962639	1.23736241770268	17.5464045277643
192	0.902209478725128	3.36198128940381	394.657854214424	0.325880687013449	1.22871460182477	28.9828172198992
69	0.603240433679692	0.678730870667228	443.575397866656	0.271681204786408	1.21879294369953	10.6622526118544
40	0.800017549760183	0.692111145800549	241.336228067501	0.36661698627543	1.00488169447075	9.23478059107692
91	0.961076097661818	2.63895038409982	265.832013384203	0.385457102895368	0.990374818877212	22.1301836929527
502	0.964092366013186	8.09187465755552	459.432410934129	0.307579706612447	1.28947648072763	68.3458201006129
75	0.932395825152829	2.10655020924571	273.530267702017	0.377089932454739	0.949436078465443	18.2992161775095
271	0.825573462507888	4.21888925303047	377.329962360935	0.346426927046122	1.18991327151652	33.6813129828056
405	0.615836616943316	4.02631393439476	447.701160058174	0.332252550355686	1.2545554119289	35.4068781115217
877	0.758067473836229	7.86655914618199	549.78934246499	0.331400047293701	1.34273193528867	64.5625989561089
189	0.695234930381105	2.31974251207952	325.715086604684	0.343096330725621	1.16822331453717	21.606494221262
61	0.864296833919793	2.06243751280271	151.87378662856	0.447462255550491	0.788270648408019	16.5414094754975
322	0.799648145867376	3.47678330151368	330.625747477764	0.349655032269658	1.19524258748555	39.1280915448208
154	0.708373133057201	1.42729907419551	576.547011718867	0.308546485922051	1.35763162427866	17.6193111861954
249	0.840183561129928	3.405595273195	354.031573163011	0.352863834765289	1.18911668857007	30.8668623012391
77	0.917609493898532	2.25903563158425	415.122537702235	0.311837565690093	1.17319610413467	18.7380314132461
125	0.892993687091719	2.48540520198392	370.782833966533	0.325973638535856	1.18565874651893	21.7440126457043
284	0.803167585592899	3.97160830322633	305.674133954995	0.365675454156634	1.1311381624098	35.4006503860504
110	0.787552288618175	2.03874018067369	316.050362858028	0.34892757010404	1.1331303390479	17.9607965399532
108	0.872071382694737	1.65717921166057	483.991566351528	0.28277417985384	1.26764785921717	17.1598720728617
323	0.701393856107177	4.34960068324711	296.472417641835	0.356128659115084	1.13300547139819	33.5820404569963
6641	0.852431190008554	25.9493731238747	370.723227442809	0.347572147176687	1.22352102175044	222.226757902019
154	0.910045122556215	3.27255670719053	297.991377515314	0.375839619555545	1.08412672341697	27.8008625708704
766	0.926952948828325	9.87262654802767	409.594993079292	0.333597226381783	1.23583211641748	80.0373026742823
45	0.952662169848821	1.72335568009996	192.131695039432	0.427217398393869	0.862853590307549	14.6055042118943
199	0.78799008013359	3.13249873001665	428.183747642134	0.324147019257746	1.25922269517535	23.9464595509201
97	0.935938918907488	2.52339006955691	295.013095371453	0.331587856764327	1.13703032130607	20.7346536359131
62	0.77331757423965	0.860857475998399	369.260124221989	0.346043371682317	1.15085013419484	11.3099439407834
99	0.901756312573182	2.2614457348391	281.008096713358	0.38277084264741	1.05399837196881	19.5678133805353
89	0.863987903283055	1.78838020327999	333.865343017435	0.359305591850483	1.1392968733825	16.5313660815076
110	0.622838543178615	1.43636190010946	489.632217557601	0.339046652913577	1.28006606413058	14.4755132935755
93	0.559070650645427	0.619359709185558	547.467881174764	0.29136694963554	1.33253690799517	12.0599626566486
216	0.85604487870251	2.88828557148158	359.214156027484	0.329005923500561	1.20068542392142	26.3438759648916
322	0.85124008643634	4.35224180149122	283.832985866665	0.372574246165457	1.0680607976178	37.6613133983895
297	0.953822466579096	5.29223369054258	315.566121629368	0.376534319335622	1.14277719583891	50.758371290194
715	0.897175352031169	8.92960099499813	330.72769668947	0.33535197356807	1.17459102229342	72.5799607272483
206	0.786466165095551	2.4814667020317	459.898147332118	0.345992491874845	1.23176652353955	23.5696291117388
470	0.97948508392415	8.27504661929806	499.800794069507	0.315703837897258	1.31513030382413	67.7205476989147
47	0.665168949635441	0.636832335680173	320.10054943638	0.329970583277419	1.07094890210284	9.14297699658211
4244	0.721439770107601	23.3008898708075	356.370581287931	0.347601110635465	1.20785649568199	166.558433333074
465	0.863774768717266	5.74909269301431	395.130716250166	0.328456297944108	1.24149888363094	50.0520785440447
60	0.885659231012378	1.33298624522468	267.62723161241	0.370477655555055	1.06182546836089	13.2791612921221
62	0.896643989637729	1.55334677333817	261.152671811422	0.375991868680944	1.03724984100647	14.0223747587239
180	0.876219940972237	3.07841375709791	350.965019827926	0.342666965834991	1.16302402341683	26.6187612914308
351	0.823551107383071	4.32838355550229	333.608887280095	0.348948379758781	1.1897644235709	38.0334743469672
162	0.924286149899784	3.56861909192505	362.449108167016	0.366517925620504	1.19203758443271	28.9591950657346
104	0.74242303548259	1.95443821440054	336.350771976645	0.341650195311095	1.13464993584009	16.2793075733571
145	0.803281694952783	2.39962623563336	354.264626546728	0.318337814939122	1.18723208767774	21.0059763931376
80	0.701487196381769	0.919839567847969	440.166511717583	0.322803535682793	1.26147009464735	12.2474525855302
31	0.8944232225123	1.09842259946875	200.018097440873	0.454934850523086	0.8068928263864	9.86622874125806
716	0.862076240050575	7.31680358490078	343.694977804954	0.333564012759059	1.19438494408686	69.3881474503172
10753	0.808344748177986	28.4916498327495	375.822452247174	0.342375163497556	1.22811885051619	273.77073110476
153	0.818483897378491	2.50784847048435	268.777159151719	0.386368158681403	1.08727836906053	21.4193646871929
35	0.600357135445828	0.328718089236918	289.123708138017	0.35299756770345	0.964739436346175	7.41934925883039
183	0.902680868141305	2.72850997694732	453.430824562786	0.327912576069693	1.25755775008436	25.7652425519935
423	0.789568602920034	5.04419083515608	345.583936466827	0.365766961219742	1.16981719719764	42.5419839274361
184	0.958341888500187	4.61088578543555	215.335879434619	0.392727197457463	0.996732810858065	39.5748168735744
154	0.838854667893602	2.36751014613652	489.938764491919	0.328836877090482	1.30386722341992	21.7801576758989
691	0.680643374263606	5.78735548563836	341.483572242279	0.334478661346321	1.19392980194998	50.0231906273663
470	0.744536339178917	5.57430472484252	316.304440011788	0.353104866277053	1.16529145434025	46.9971410450494
133	0.87551194454203	1.90734842963229	460.439190192116	0.310689422253267	1.25880997760665	19.7088264567469
421	0.736654803417078	4.17059967614273	331.695417641406	0.361574517588958	1.15408180668946	39.5699844811291
243	0.923808168859842	4.31569587496965	247.046852804673	0.408912369089949	1.02250161408715	37.1241092542996
40	0.878847260085191	1.32615690734983	178.507065174462	0.40689444320276	0.791028445168053	11.6084392193356
153	0.930025516433797	2.57857051009265	431.076676237243	0.319692082935326	1.25668820377256	24.0586650448876
222	0.803420824142254	3.09853497740328	320.458196694558	0.352771966934863	1.1144097303342	29.9172954124668
86	0.673436840302554	0.818327841770916	468.204516713386	0.320048545312132	1.24874728147168	12.3627083993204
1098	0.905479634397162	11.1425291634684	324.513583613653	0.359290642284236	1.16349486088354	90.6721879484156
48	0.945832983939185	1.46858144893625	203.018306632022	0.39726596986871	0.926307269434834	13.8020982110729
1672	0.907358794627485	14.0048837483662	387.909541909646	0.337776589974045	1.22662693441808	122.861954772819
185	0.803159769246744	2.49248198777926	465.829856681133	0.312744278861926	1.28956904942068	22.2828787822629
74	0.867037380389456	1.28784102481002	378.381780960474	0.323257858652817	1.18266056512652	13.8469640461338
44	0.864419751256754	1.02505612357666	222.619048224471	0.361671196420977	0.94289474568843	10.7868549621604
165	0.759362189927022	2.64572809939347	282.81560006925	0.35166463029244	1.13462855685537	20.870122124549
96	0.759478264951569	1.07519676698246	544.953654505875	0.295640898956736	1.25788889726153	14.0004892290244
90	0.963576613391791	2.73506918032329	271.082473836152	0.352333810252362	1.03166038227984	22.9921927076941
160	0.740088829082168	2.58036985230922	265.797862040005	0.369052205110446	0.989788632317694	22.3570244038048
162	0.852301356948994	2.79490715382339	325.134596145722	0.359062671721495	1.15231809340738	25.5159606571388
192	0.934363661161258	4.27442561251751	344.294072863083	0.35651259737947	1.16779317106313	36.277910550164
98	0.859820368902086	1.54697352192222	357.763511630882	0.34151316972661	1.18596641929003	16.3354141370091
132	0.776866108055128	2.7565183710915	243.56599022983	0.372065860580461	1.0380439410123	23.1655384479458
292	0.893768921107674	4.41632037958656	374.64842105376	0.366282463533339	1.21980748669304	34.5461345150948
45	0.476290961432618	0.678459365736358	337.004859340848	0.280392830367255	1.16493116266372	8.46430157964384
116	0.891585882839296	2.33707703295047	338.900844262331	0.352949407067054	1.13030617057198	19.7098471436088
2209	0.772970581340281	12.9688161415579	372.356129475734	0.344423923665418	1.22082191923456	111.468431412183
72	0.670367004829665	1.03017477253985	331.254084453709	0.322453232861243	1.17927335602423	11.795717991286
37	0.818568303445035	0.847808151202901	198.553633228041	0.422295768619298	0.929472715402696	9.2914918729914
704	0.965529658337493	10.3210993227854	387.293140240418	0.342252443688908	1.23973135461348	82.831878824268
133	0.912355217096262	2.9397975107575	308.06979290458	0.346468949211343	1.126618101793	24.9793582669058
648	0.873212130956169	7.83710958489937	416.00147637137	0.319399932515003	1.24070678786379	62.2295802108292
137	0.856214652028281	2.54984678375474	373.528492099362	0.311151851729092	1.23250008805998	22.2281166936062
5021	0.848365650116749	25.2495690091733	382.54339748163	0.338560854669656	1.23937862802836	227.265418782024
187	0.962869437974015	3.78586737328813	393.528905342307	0.316223166863525	1.22261653942209	32.2600467829169
48	0.596376725607827	0.500808078563981	308.721131714267	0.328905802262204	1.09054854412744	8.79770346687673
456	0.843861970153942	5.59462375324154	447.142983553126	0.331293178350462	1.29352633716166	46.7365016982741
530	0.859647557170792	6.02228954381032	386.835853355334	0.353154043663222	1.23915249093286	56.937510239336
232	0.946785011925968	4.72328282920783	258.611504492889	0.372815521196489	1.07766180651888	40.2325371699564
203	0.898924775331478	3.69101011877651	274.609343874532	0.349551866315241	1.08899567421235	32.5558241024919
70	0.744635262672354	1.03003455294325	506.637748541694	0.307786935165002	1.2948564678545	12.0986706170012
313	0.780615317069459	3.54211284062529	413.874533917429	0.318835836050321	1.26222179180062	29.8509611704051
487	0.793448437978673	5.1658411389857	352.169399272615	0.356907990669109	1.1949111876366	43.8407078555932
48	0.89580009891346	1.48859460890735	157.382554105037	0.429503962420108	0.792603538823216	13.1815351179531
580	0.926424429961265	7.21020549460093	454.253658672996	0.33125014927091	1.25806608958249	60.1863830601647
838	0.942714865553428	11.516067261798	333.646573745846	0.344278759503126	1.1826739445279	97.2172023165106
76	0.863209522761328	1.43802071368391	414.016385504749	0.328183831513196	1.12728000433971	14.3206264861272
430	0.750305990906431	4.16254697921148	356.751654496645	0.325844558762891	1.21840674487153	39.2059270912369
243	0.863736774372095	2.97768146566754	731.927554982155	0.301204346736262	1.44001981029043	27.7331307058345
112	0.692789580255703	1.0343039163094	540.156897684113	0.306396231421573	1.31246679707623	14.4514593568288
98	0.564582940201893	1.63444139391485	332.19532522408	0.379536481462296	1.10421139035556	14.316075704355
51	0.851593189641598	1.12888657749802	250.337282871146	0.422529839405074	1.01114835600911	11.6279918935319
72	0.917088171136262	1.81500023441312	250.190629229633	0.327212604530868	1.10269326294932	16.1634554072815
267	0.826054894747142	4.10328474820086	338.262374400163	0.353781729955885	1.18192720902101	34.0986709626025
52	0.935258104641527	1.62047105455402	195.524577266543	0.382455637377454	0.879604796399277	14.3869281113954
2465	0.807167919010558	12.0287985658022	352.65911967657	0.336173551636831	1.20854200454975	112.438767310579
47	0.709554948350927	0.510167943089448	391.242646947387	0.332562618727324	1.12891713253524	9.19845144241046
69	0.829734183350986	1.2001507230582	372.686124185643	0.338647490641244	1.20111357026076	12.8972111470897
126	0.898016999646879	2.8671838055808	305.968654601035	0.358924719672598	1.11585226639536	23.4409070571449
109	0.703490660558197	1.73953549464156	383.044171001087	0.326661949765342	1.21594584494069	16.0508177039798
52	0.921866917615695	1.40552472076135	214.556839404111	0.392772930169989	0.991190944325276	13.3055310637356
366	0.855347534642175	5.41660461766005	314.074563134809	0.376033493257103	1.13035248049799	42.255049506905
697	0.662406482561207	6.44706213977616	314.477050527103	0.342055946781191	1.16448776652099	55.369557861056
222	0.893141629159135	4.2235194042837	284.008640416477	0.370571635240753	1.08246201092368	35.8622736809237
148	0.841513361055724	2.42579789136124	435.964337379391	0.339385072549995	1.2210607392609	21.1036832991425
76	0.678950589518638	1.23854601058319	339.193350574572	0.335940747139746	1.18084021348059	12.1783096622829
1206	0.919530958118984	10.375349322501	379.013544982233	0.332809699286681	1.23854185928251	89.8887669315739
195	0.943178951018447	4.13626136176299	326.677472452401	0.363029635970812	1.15067340798182	35.1666136920615
363	0.927879723448978	5.28663544525327	273.032984513667	0.383108915583716	1.11475384386907	51.4954641082254
206	0.906183975216625	3.26679872349003	354.743753670597	0.335202312138728	1.18935713940265	28.288987606792
81	0.795853581864712	1.04433019819466	463.331097781357	0.332074703796157	1.21551921842034	13.298331131035
38	0.860706314399143	1.00485106897092	396.995755324552	0.312371412702295	1.17398626704169	10.0862420592752
548	0.872770095802959	6.4478319973823	395.301156049474	0.338886711057227	1.25953865827318	55.0278088104062
65	0.830319322826738	1.31965574773319	345.357294677334	0.362295728740742	1.09096150760883	13.0843875857401
257	0.628773019868545	2.74036425377313	261.63084611938	0.376647101538743	1.08006870783525	28.5712903460809
372	0.7716976525694	4.79941667172757	304.971381178226	0.363597976732017	1.1337366814408	38.8281189763445
154	0.868870238771573	3.04147694481898	392.740286384439	0.35731987208749	1.19196973744516	24.93529907559
33	0.857086621695321	1.12230910900314	185.772415901994	0.423745819397993	0.68854749143055	9.93088223315798
137	0.861885404224425	2.09667893782095	469.404124823323	0.317309778118444	1.2772502500313	19.9834158297755
50	0.828704445901512	0.983214198950004	259.905364888797	0.350140498165976	1.00916646571551	10.9283015924866
657	0.460289403254929	7.28763435678708	408.877086473017	0.332060533164238	1.26894984343685	52.0372550776203
106	0.924737613923522	2.29458800042057	377.603130726393	0.330837820068589	1.18570028132222	19.894423987673
192	0.853112046474949	2.54622942840347	448.071295057036	0.318006896786514	1.25870466727729	24.2787147853438
124	0.83980083746394	1.76053340991071	421.719047467967	0.369702646898535	1.21670484910246	18.6630823199468
61	0.276907318568057	0.764693094535845	427.24813292324	0.351109009092202	1.12905085590363	9.40394981317995
57	0.699718320637245	1.01725388929876	257.715400033059	0.342177598412892	1.0323701557045	10.7260837986187
290	0.940671075890942	4.83995002434763	387.194369209997	0.332558887917766	1.24191778191823	41.4406225334499
83	0.853933645699222	1.22348449996755	424.887676590081	0.297967962428394	1.2269149123694	14.3025384548796
511	0.778225513276935	6.8232811488607	340.272931044348	0.34514674263851	1.17802997479324	52.4896059963787
152	0.909353824193455	2.42194930562028	490.41262144231	0.326533042962907	1.26397742320658	22.5287432188216
230	0.652449330800396	3.42304902780138	424.913877310431	0.346097960715646	1.26119060870853	25.0999995522239
62	0.852120034967314	1.08146121933703	304.218862196391	0.341926892503363	1.10392534759294	12.4686339073347
193	0.864174926950141	2.86931470562934	468.987076679004	0.311059653647889	1.28171660422711	25.8007046608572
2589	0.914193525890203	16.7272714246162	377.19381063	0.340031980959103	1.22501672494968	148.261377836982
170	0.785919982518441	2.58338659660514	363.909997646974	0.318313369335041	1.22509943906398	22.9775541468715
466	0.699940973210411	5.89632300440278	421.340928684947	0.335445348827607	1.26797087353082	46.696898829391
442	0.82572535619865	4.62678008001238	320.4107844958	0.354917819190265	1.15456574055279	46.2792552456109
96	0.951249087832957	2.77363844157136	266.468630114284	0.388662767307798	1.045487493665	24.4650997239651
1767	0.783938941847337	12.6847137120806	408.928937393714	0.349670671829036	1.25048642698752	105.402807407374
175	0.769623462956058	2.69797815478693	321.27074757426	0.365542784021981	1.1110662693467	22.4102735689396
36	0.795887551444984	0.914719577889956	199.936997639854	0.45584309066662	0.928443807407031	9.30013755945637
721	0.836262789314117	9.51537405417183	390.470309214693	0.34455799946061	1.21916782472923	72.6627988275295
222	0.735822553630776	2.8610141179984	383.56126989044	0.340295517529307	1.22138241794897	24.5775833650891
495	0.960822470812179	7.87118529937403	491.030696280003	0.329360447657993	1.31388180078134	67.6398675186954
383	0.949233765771875	5.91229182144171	426.291639850859	0.325867129253247	1.27727246306476	52.7471648783565
75	0.901886047763859	1.86709621609628	226.150837156899	0.386144864207148	0.986159870786116	16.2540171181854
351	0.857495612284651	4.63369203347643	317.007086027556	0.339433650868703	1.15109878147239	42.1198683584368
52	0.340481413857193	0.445987091284817	424.21909155113	0.303815221971835	1.22221279543976	8.49741411612843
38	0.883900428741535	1.23754019647226	201.487470725257	0.392862515068397	0.881854658869949	10.8900485251286
395	0.848780276171068	5.63009143506614	333.823699506295	0.368406034374381	1.17842765439783	45.3832311446829
273	0.979064567085164	6.40680413219501	337.878468923483	0.341094997510439	1.15557765877462	54.2022932229223
161	0.846092043760387	2.29944382201346	539.676238478644	0.295775378356023	1.3206699111578	21.2654194146801
123	0.967565247132323	3.58550579523754	262.760957949599	0.377417009080192	1.05145978449893	30.2260526723177
292	0.639839360506108	3.45169980257605	401.58046648223	0.332548990050323	1.24255912379031	28.4708557220713
564	0.738839365664124	5.99967422228952	487.22655204317	0.318811711912755	1.29101027091897	51.7582246245264
192	0.739984654834298	1.58466594017596	288.380777772282	0.370091391499842	1.12405428492922	20.7591100338728
660	0.806265216541834	5.97885400971547	398.137987026013	0.331176726502273	1.23464085638685	54.8371801765549
497	0.923723414997132	6.42741697093731	422.808394833605	0.347311533772479	1.22214368588664	56.0113948735521
292	0.963031693064624	6.02782597122021	338.070611026873	0.342095526961837	1.15762924420322	46.2628907254318
103	0.856321201120797	1.60582365364297	400.99065847402	0.313856901560226	1.24235388219409	16.6426293945636
179	0.895344752445108	3.17779333798559	333.52745896759	0.3372409670729	1.14788740353096	26.8407178677754
993	0.495833079098503	8.65190370664343	421.182249520413	0.334996633556634	1.27919779789361	68.1224448406516
115	0.707922004951755	1.46031803026813	403.639013372453	0.32398925696975	1.26821875173151	15.5925905359353
322	0.982292996269908	7.16459062310847	375.184776457834	0.352698551905572	1.21907924240202	59.7934696754274
112	0.934922163284242	2.75550322573914	226.106587269872	0.353654668088929	0.993476317087854	23.7459162351278
82	0.872218677634074	1.90926928278742	242.463800873417	0.36995817536994	1.0097212414771	16.9903496797071
264	0.915926677417036	4.5405588990438	555.243121508165	0.306957132111256	1.30442632525336	40.5103431671718
170	0.854802280516847	3.15619866749136	295.37622238897	0.387133395636469	1.06753571537874	26.3561824578517
289	0.922645790383072	4.05666501524425	385.967712505495	0.32491215529871	1.2348144595116	36.8597856369263
169	0.835097995368738	2.57441960004808	328.988731780095	0.353170904880596	1.18050356821719	22.9748054460103
59	0.931857940346184	1.81082237043383	203.733448145452	0.373065755328199	0.972467407425763	15.5922048039283
294	0.723085990640726	4.04635674155145	352.429636889932	0.350748143275965	1.18553544201881	34.0651374928674
610	0.658215568636587	5.62470762159494	307.247939067475	0.362411292650116	1.15523520759238	51.6551106029006
87	0.652222414613846	1.5196432907661	341.693830243974	0.359135549455834	1.11108004585488	13.9311792687874
196	0.963778600806106	4.27153463084758	574.7742180798	0.299838494790366	1.3718168669258	33.9985787631628
54	0.814641607097851	1.28201491323654	243.300866725527	0.36210436898003	0.970692162592389	11.9749265704278
126	0.87828417166606	2.13123120315245	488.430053968614	0.334638741947878	1.22133384784638	19.7368234524339
141	0.91196131863781	2.78636680219001	286.917305676387	0.364772955835862	1.10236959198035	24.3829808411697
66	0.761871883569757	1.26662815543461	265.74686852632	0.349962907981484	1.09095935080218	12.527874776124
1910	0.90874657064727	16.3594958153389	355.427586977045	0.353018618900972	1.21176888896374	122.331769283911
157	0.931777339142937	3.57377911194444	398.683901677247	0.388490740177954	1.17984700927276	28.1567051297513
203	0.849034256021499	2.74719680629955	336.638305087857	0.337507074244491	1.16435873728315	25.0238042195479
169	0.640460070424309	1.93964423345411	420.559226787859	0.326549071595566	1.26070093359658	18.5936147988761
397	0.868341906427007	4.78838241073612	450.56660239854	0.326515072314135	1.27785347768197	40.3635809723252
1248	0.913213332268663	10.1410158959387	331.702654874773	0.352956858804734	1.17428630100369	90.2423173019733
248	0.77386956144804	4.01903119582084	329.789894540743	0.351644935459814	1.16423616464617	32.3429977676598
3413	0.876221959122197	20.4363281159098	400.946713654051	0.339993297883764	1.25580142985832	200.675711825256
439	0.887452163433142	5.34886814983178	523.705580534015	0.307817498588897	1.33776385049095	47.8046896820855
672	0.652389031457847	5.78110867567835	402.340925062094	0.341431983152884	1.22226139144312	50.0011373191273
219	0.92413929024762	4.20836001642886	366.572620395064	0.331813830460809	1.21230702246757	34.9977152453259
443	0.920646116104776	6.37706265923103	378.553117725373	0.345535638449012	1.21434890130976	57.3776994206766
4153	0.690250672825208	20.2431727992701	392.189632959439	0.349902078411014	1.24057344307883	168.617205194953
101	0.701212001219687	1.38451926783982	242.20631121235	0.375131883989802	1.00184625083958	15.1408255156787
86	0.890457451817791	1.89839921135779	342.989553349321	0.364948423922141	1.14170151511536	16.6143707695373
109	0.922739972981995	2.22130547432635	344.025861037291	0.326067393272868	1.11615555264814	19.9385144933596
121	0.87863351416543	2.51734145632233	337.568827202338	0.350192602700343	1.16091583774679	20.7001707895333
184	0.8549961800964	2.83216241143849	490.158471038439	0.31719878271101	1.2806620769042	23.6718927114115
192	0.91222598271534	3.53376641296556	335.133276275799	0.360300816348404	1.16591840825243	31.1317975551016
404	0.82707534750536	5.40289041790368	439.658426318321	0.323820121621979	1.2769630130123	43.3754574627571
91	0.939617470006	2.52345616051962	240.756312716745	0.409489281783399	0.999697245561507	21.9481859209335
170	0.78729100984908	2.13271183744355	329.217153614591	0.352543616843534	1.16744906968321	21.3660403885197
3455	0.343817360254454	14.0081460971075	393.699835792332	0.337100073824192	1.25356713295965	115.883743553306
159	0.913155580477666	3.15980192545034	285.976167273229	0.347429289754871	1.05948778467203	26.23113563931
79	0.461929497376318	1.17915966832474	338.524002510352	0.321776887905479	1.16686743474376	11.7451803531106
1182	0.590638059066489	8.62763667622289	411.299245647103	0.328018449866058	1.25761848474236	69.0607796084427
1701	0.975405018736601	22.7833345141803	431.89266298139	0.331394437272292	1.27833059919448	176.910921818315
101	0.60951279102581	1.09217588779688	392.016126171526	0.352200651494769	1.21946322434849	13.5009229647762
292	0.900644653944338	4.94539167857895	325.32758577816	0.368872111911538	1.11365953301032	41.9946690523802
171	0.978860331494439	4.49087357986376	300.649828139339	0.37250679606562	1.10859248430075	37.9807553033632
243	0.879159070993532	3.61903116471157	436.013765776701	0.311115285159225	1.28710338113135	32.5913737387726
60	0.830634141262089	1.2706755454487	241.641592860057	0.362959338466222	0.994263618053561	12.4234545876414
33	0.806003066955337	0.805611397373961	291.66990900458	0.335683967821701	1.18083514882863	8.68962742308322
174	0.878463406203433	3.02508496408096	329.751515374589	0.333150373802836	1.15595501436831	27.1025497695775
33	0.86709941740911	0.858933098163029	205.094591807321	0.390991406957794	0.896858189298123	9.30287945264515
149	0.67759007423473	2.29724923888502	410.862351013594	0.386528665313142	1.2055372339447	19.7796582966205
219	0.899398668486348	3.47376983690061	461.732009856241	0.303179443959033	1.28857454605979	30.3099905493341
840	0.818616364840405	8.41377229805414	351.340061360589	0.36374226220957	1.18481576274457	69.1309764753036
129	0.872180123335541	1.90041295691488	536.223493107351	0.274110450513165	1.29007009610682	19.1139202369766
100	0.6880936371928	1.13196303974546	439.135321391556	0.298136380510206	1.25731434757021	13.8542785704469
631	0.852482069981146	6.15564429431889	416.401353946023	0.338388262968213	1.26234791552034	69.3358627608548
1062	0.862175464967161	9.2796117368875	353.162580427965	0.360378429636101	1.20324618929778	81.465191312989
493	0.716578581755283	4.95228933338219	344.789691964395	0.353996685032757	1.17854708926218	42.3636098270942
2456	0.892243629576063	15.7986065504273	394.33448835364	0.330982331189248	1.25057798606415	133.744699031451
204	0.866120707962521	2.87813923040319	324.90605620001	0.342243663957106	1.14154225202384	27.7764087181977
70	0.794807899230896	0.92796220717882	387.631703635914	0.323114214878921	1.18321999861696	12.244001210224
71	0.590388726712735	0.564512864701285	448.26564391225	0.301320570512993	1.25039357588698	10.6982064464023
419	0.925646319850736	5.69464603099321	422.867472648832	0.327447944695119	1.25110674628692	51.3094729118784
132	0.595938848010905	1.6977328071924	566.045059382168	0.305717605516745	1.30345355204882	16.1792855051494
511	0.868278013057745	6.68934086747451	398.114156133362	0.34137107694603	1.24640905650492	55.2929810172867
120	0.50348286477989	1.84721976701206	321.154983415373	0.337444708415147	1.14241268928281	15.7625944181891
259	0.948454861043277	4.69157878670546	444.408180086863	0.325817068338077	1.28216900589967	39.6073639239999
62	0.756179007172182	0.829421958836783	364.068341557369	0.324212419040608	1.16467723784572	11.1925287480334
128	0.913462082802195	2.8928166385104	438.329526674109	0.356914264631114	1.09724400428519	22.5857547641792
2662	0.899011121014862	18.4180676604893	406.87430251858	0.330307896240714	1.27268076497292	147.18564763524
165	0.757915268294168	2.90513060165325	302.081319125803	0.349859916267089	1.12031136121473	23.760680844021
3612	0.909374555566404	22.3483799509559	393.312801887817	0.334183159530141	1.24841325044907	179.362634263585
58	0.859868293694298	1.29740718426936	305.712770378983	0.377415826523559	0.997833086077775	12.6630509101761
361	0.960371679692791	6.07303658695539	406.464233905498	0.326909089019816	1.26099803301023	54.6356477667569
105	0.865575942059044	1.42417713769339	499.854402028656	0.286582100824277	1.2437801848655	16.4018728565886
150	0.871929445650486	2.44854336865756	406.810565894423	0.305438745661509	1.2435118268116	21.4430209059363
918	0.928008583492926	9.09557927142697	386.327100582963	0.318758247581777	1.22501639750302	80.7049320892517
162	0.772018529417563	2.51615390878963	389.783934483905	0.313397119747485	1.21463825265979	20.9483073685101
77	0.538416808980989	0.799442761257595	428.931990896877	0.325164576873919	1.20565409567857	11.2065120501466
974	0.793805625220528	7.44129124919688	406.542915783865	0.33121963463493	1.26046185427465	66.6566524086643
38	0.811866629481907	0.839877075566117	234.653128274822	0.375824704499896	0.948658814375564	9.36354565583329
98	0.81514738145856	1.49867740988288	368.36571719727	0.348673297986107	1.14466689205324	15.6182729750697
535	0.95086946013759	7.45505333434972	456.720698690546	0.317751287050397	1.27806580141911	59.0700986278066
81	0.874889066138508	1.40803349674544	386.263793418171	0.310517002334583	1.13180382655461	14.9419213560694
648	0.941876323209472	9.67178998038294	348.737972529192	0.339398413352828	1.18609149583367	73.6437334802848
169	0.89360514371284	2.6567952735607	435.982191724733	0.310085629282285	1.24429572896404	24.4901832675241
39	0.816520378007513	0.780813863590168	227.548305442494	0.410956320228504	0.901467465999968	9.41035861402767
65	0.946200259612912	1.93139049543971	199.235778434272	0.410163843554326	0.963417103507655	16.8042269795537
223	0.512022043574725	2.6718200723692	397.114445306815	0.317079775529327	1.22271186797961	21.5619519810953
235	0.627515992399282	2.44716783403391	807.188359855352	0.304653481124069	1.44728768220629	21.842026230282
582	0.873351013962628	5.97334878692281	598.930168135953	0.294244684615247	1.36599854759156	49.2264886183956
846	0.891773359083274	8.59960912717851	355.440770903923	0.346945817222217	1.21544624770756	72.4168946640274
228	0.879955661357612	3.53849614800922	274.244096781251	0.368893053523238	1.08402714156691	31.4725061126339
39	0.837163519280469	0.935099332474525	263.961141816951	0.351049885685978	0.96685639895014	9.76728891349203
89	0.85727977717979	1.92523612610195	313.939486205886	0.330348615284053	1.15010639000229	16.9356513213073
51	0.807292502154824	0.924031252693158	278.125974222057	0.379401491989727	1.06402646419131	10.7820085422699
416	0.968120808280895	7.29840103290554	480.190223469795	0.318793659970131	1.31818458583587	60.1038914554845
456	0.946331793081027	6.59980023404938	668.360856347056	0.301025805922487	1.39433506922071	52.7857786822457
178	0.904001829650273	2.47857604123902	586.42211915502	0.300519547680673	1.34635700244468	23.8072588336508
335	0.857196020982703	5.12369007782928	386.696664435557	0.323021228151308	1.21565598278122	39.0328011256273
58	0.796902575222479	0.78960845244999	345.674086771845	0.32431011737645	1.14623722687463	11.12229757891
60	0.788535857054737	0.85077817524302	370.178776607509	0.333580460154141	1.17471614948463	11.3298751066546
378	0.585967819885136	4.23268600741717	369.350462302787	0.319016854064605	1.22186020158949	32.9343217507219
155	0.875182966203693	2.55605256488916	553.079915186464	0.333942381679171	1.28991173078765	22.4309070505065
1093	0.827662700355745	8.12053776424851	482.397788097008	0.329536529014946	1.32364330617089	72.3881502842605
77	0.904021524447308	1.66160522593149	348.691048800446	0.355778149478641	1.12123550648448	15.5205208767773
165	0.923153653388599	2.96258757200395	412.208839101465	0.324373338453035	1.17393120717967	26.4138142485809
41	0.860838306130211	1.24069600831691	220.380646184468	0.451269454975337	0.889452701204	11.2229780582768
197	0.698035585756228	2.85754670585289	325.082800434741	0.362943334829744	1.10606554244204	25.1717284519344
220	0.972918523285598	4.83928642225582	398.308713250954	0.335301886148371	1.1876884646675	40.2398177276856
52	0.879803789382902	1.60282211835336	184.277532219405	0.46058504920734	0.777002769333788	14.3780572885578
741	0.984329685933632	12.3603219652261	377.838713490377	0.337887025431369	1.22080157008599	102.479816777527
234	0.720242879946349	2.9647757432321	474.446305490976	0.336033210088938	1.30727774403656	24.936199381412
38	0.797495912818467	0.752378991923414	205.131043080679	0.373347319858476	0.94423247789057	9.06915203929905
80	0.822920398476437	1.13658759055249	399.368019660833	0.300107591449297	1.22089479914062	13.6091558070384
197	0.941273223464807	4.12176193967973	424.166213824337	0.323658873959646	1.22852431166726	34.2934306774318
923	0.967718290935662	11.9666309186108	396.353240992537	0.336710082984465	1.26279453324744	97.3215456820909
44	0.897715910378836	1.48837008215353	212.006940949158	0.410327066745599	1.03760510145035	12.5574319780925
188	0.912177608540496	3.12337832147755	422.294296399732	0.333989504299395	1.18524503780735	28.5696698470818
344	0.798047469777055	4.09882154615575	333.269675868824	0.362346329439755	1.17066132271333	39.2877647085289
31	0.850781338960632	0.88618770305639	195.163436796923	0.452346554699496	0.814590405402782	8.87985901062846
48	0.685069468964536	0.72966347891927	283.260973919228	0.325654048904823	1.08936689182724	9.41781068552793
48	0.953071923534729	1.6305173348776	182.093178292986	0.375066650360768	0.889368537561517	14.4596006729514
59	0.686639085793576	0.60740686525158	493.822114654984	0.313636340018541	1.16654697070183	10.18605878587
232	0.758805715179572	3.07384344029794	415.701770844834	0.340087075382703	1.25834235527103	26.5680241458309
125	0.605777998950761	1.49191200059175	474.529133644683	0.309553028906799	1.29789053364646	14.9422682539262
180	0.909842314427356	2.98842117756522	377.728453186884	0.333109756553607	1.21784529953591	27.1010003400392
167	0.597846138840338	2.47915892542366	389.416763784808	0.334710726826424	1.16637474556054	20.240304570689
230	0.834745458290261	2.14331564101494	935.937479321168	0.280323575290815	1.51722807789723	23.9197173295041
33	0.925374220926396	1.34990057790194	149.200729389768	0.514529914529915	0.604530794511357	11.9241623123432
68	0.55302466657288	0.481946068771787	464.69177383799	0.286175642667053	1.21675231050907	10.2324500965797
214	0.842261311960881	3.57319906109096	613.119022064094	0.283814089986827	1.40030415821326	27.2804073943622
230	0.850459518158436	3.19966693962612	359.075802910081	0.352316760946865	1.20060391407669	29.5822327221207
43	0.543303930446779	0.942479682252904	177.186635500279	0.414352647670295	0.8644161060168	8.90301414143604
56	0.737751160107093	0.9460027976371	277.513016049409	0.348064328136625	1.08218192904228	10.8089320950916
77	0.802168423075027	1.61742138548396	382.988245984678	0.351002859208369	1.26213112498526	14.7311197894258
158	0.947543041262468	3.91283234976055	260.352227087109	0.33860166082802	1.09588890512404	31.8474330156435
84	0.768774514168946	1.27636862878277	392.04622296732	0.31051866345984	1.20869972432058	13.6966770305099
63	0.872016439664032	1.30802303082638	330.391361889083	0.345557986188238	1.16906803109624	13.2920735732158
40	0.877703775714837	1.28670700237563	220.720343175313	0.376401339121927	0.953040521950957	11.4404655913065
96	0.873785055157034	1.78942833719949	459.207127018195	0.261281569516864	1.37915327399612	17.1824692522893
71	0.911225251694972	2.00705531738725	282.490719235846	0.349009155445478	1.10565088411863	17.4382659986001
35	0.84629002060539	0.823564518297211	255.70314427114	0.34512412865354	0.867613551508855	9.23570486334803
47	0.497235953064288	0.48721009449975	359.813562861024	0.330498072609273	1.10306199713072	8.45276603738261
80	0.950834983917948	2.60561330768485	315.618175549617	0.334564626895981	1.11814621345764	22.1901397073865
31	0.858693854293471	0.912841214853737	226.949877848113	0.41584989576876	0.886242477502893	9.08396534093685
96	0.968729257426112	3.03582522493819	531.38559939392	0.287390782508429	1.33145960239851	24.6731688064158
56	0.973562909763569	2.5120903713158	221.237972911937	0.363019170246061	0.990361511144055	19.7859157900354
38	0.868341304157557	0.952861009857469	295.143864400464	0.303242648916096	1.10514424060896	9.99999999995694
