s.area	m.eccentricity	s.radius.sd	h.sva.s2	h.idm.s1	h.sen.s1	m.majoraxis
61	0.921111543311123	1.50294324833701	509.54009632248	0.341473693415856	1.17587346233756	14.4589104772837
381	0.954963029380864	6.14632518426743	344.402167035636	0.345321114677386	1.20430005355066	50.5093746982523
70	0.661587492142466	0.869490318189253	490.896702888746	0.317190782261058	1.19824900747815	11.3593169960672
1125	0.752373151304205	9.9894898975871	398.948511568006	0.346381699632474	1.23808636402249	78.4053120031269
356	0.979093197494866	8.0818826409882	488.663186428818	0.331955890464294	1.28281783212534	60.7248987406154
224	0.903409234524631	3.85155653530186	327.407919990912	0.380142258312013	1.12471855342893	32.3799997794566
31	0.980492896969653	1.93750902772922	230.849173389524	0.388528865517101	0.908969667827671	16.5650826844591
18555	0.787202715260631	40.1017254295284	371.693236618223	0.350896896017526	1.21214419797525	332.263809884076
131	0.820244717450298	2.09461304071241	380.847272492503	0.351663000204013	1.19223001171368	19.0440442671178
219	0.805080679910149	3.58738679784796	359.438847963718	0.3580641186098	1.16343805283656	28.8833974837145
134	0.78439153381279	2.23377862874034	459.45320239645	0.347337917630716	1.25503541155647	19.2011661435364
162	0.709318591583726	2.17523652292684	533.733508552373	0.32469698368858	1.31234470698934	19.6807562192562
36	0.91001418876583	1.17281167657748	223.279947718352	0.376852402499461	0.794946786554037	11.0274817148345
59	0.579224695489115	0.76197931879008	514.635804478055	0.290026309268687	1.29835143751405	9.9436114646153
31	0.692344407159448	0.495637262800831	325.024538930352	0.336777744026321	0.888736211829003	7.41073206087694
169	0.759687885451838	3.35059266929437	262.556312459156	0.399067107233589	1.04473023453222	24.9931977522162
484	0.9005601209699	6.54407155945804	420.557815632557	0.34376138912821	1.21742917730011	54.5960933537386
55	0.858831583211238	1.31848075979798	487.220705763512	0.342434648116309	1.24965727651503	12.4804058658276
586	0.82886967444262	6.64268610803633	355.746152775603	0.357627151933254	1.18574998809623	52.8793320207637
231	0.907255539572919	3.96082068575467	383.144340186251	0.352784832253068	1.18980961397603	35.1375483122775
238	0.412919738900305	2.66177451198046	327.906098422063	0.356433528238802	1.14408097444531	22.6926349266951
2172	0.813719821745015	14.491065445269	367.096596056147	0.355668149747903	1.19829863768946	120.046563246431
493	0.897359000646069	7.00138174069515	369.90826909421	0.346195084009597	1.21428493509193	61.084553639214
158	0.878700654314718	2.88921156517792	284.825358720585	0.366614274337757	1.0903383159265	24.0988700367718
41	0.896318199439932	1.21673807617054	259.472235085545	0.378665341812401	1.00481861530607	11.6373867170261
596	0.894130560789936	7.42810321779095	342.674420078685	0.349924122775447	1.1643212245572	66.2938743529032
179	0.831005646368101	2.92939416741932	375.561199603468	0.319674353752654	1.22826781817736	23.6945787691691
42	0.964870735633306	1.96978996749452	251.389106209624	0.381554679297128	0.965853226732814	17.9353953599337
782	0.939112262792328	9.70440911942015	358.228975753775	0.351288080322179	1.18861337071984	84.8074084213225
93	0.850189519659933	2.13536256731302	371.185459618031	0.356697806787538	1.15118120594167	17.6803628089314
67	0.819690347005321	1.02468814462011	336.910729208451	0.355748596395655	1.10953407820735	12.3299361117149
227	0.787661233138122	3.23259734335349	455.628131178653	0.335881969967109	1.26640077181488	26.6218039419422
45	0.844598105458589	1.21424681921244	263.252415606774	0.401658756737942	0.978775812236999	12.9355202098949
84	0.911017898037525	1.91017788896001	298.502414884185	0.373277780207793	1.04822307259333	17.0508117870311
31	0.901665092813032	1.07308528033171	247.911692604111	0.401889446007093	0.797628627666422	9.91023562094549
120	0.838745989037523	2.09664519987567	337.885185308258	0.340366418311318	1.15423078310947	19.420698085469
48	0.875466004884227	1.1419772219658	238.402888530619	0.368831023011836	0.993447637371609	11.5203213422799
477	0.901850265144852	7.20196105986511	412.55405781523	0.338673053925944	1.23416580337449	57.3776853468064
97	0.887899366823959	2.27045802645863	258.037051172903	0.37200073769773	1.05476062156638	19.3436752151193
1161	0.861581878342478	9.88514060732815	347.671728275702	0.361429693244436	1.18132150759834	83.7615414267628
95	0.852698165642762	1.82948692884656	306.624554565918	0.363641310994252	1.06894532160221	16.8109444307538
58	0.818186653635794	1.44115087415381	192.52579836881	0.431629724508982	0.818690653250609	12.640149881723
71	0.822668400692018	1.55212306055096	297.558696806844	0.411747573520337	1.04949468671292	14.0912287975201
307	0.918849422744022	3.8479198942321	401.949650066199	0.319312896478216	1.2090055880356	34.5171228201297
3157	0.963960063412481	26.9529157402234	417.835432811393	0.344872074957666	1.25245792565398	249.587396406996
58	0.802703230450587	1.21068877690485	256.960487682988	0.377033770290425	0.936607250337984	11.7847595616043
980	0.881290456218431	10.0596889277455	334.662510713206	0.350872120291443	1.17781011138495	78.2830363450884
405	0.871428844362014	4.92251588866372	445.358297733297	0.334525341823043	1.27905864359185	42.891754149114
1502	0.954720996967588	15.6039581120001	339.266430858214	0.361710368753746	1.18342574314908	134.888542688377
220	0.793595581227192	3.50723379164922	317.803037034458	0.34601185289982	1.14768103779382	27.5681293731482
149	0.447325605425213	2.42467010866194	303.19606752647	0.393061914238385	1.07617062177107	18.3732293815253
222	0.956438455424675	4.81104366025094	389.334978161083	0.331901871363114	1.21183430720879	36.9955756456852
3710	0.886747073965048	22.3451963550377	381.207678529421	0.350391966878494	1.22488918785991	184.134843271402
258	0.820588492857195	3.94073716714374	428.167148131637	0.333509705715588	1.24823002297836	32.0952693858647
50	0.759114356950272	0.647087520469133	301.201301093809	0.392974495882376	1.04236924618485	9.96825365668055
251	0.790033723422251	3.45674934914904	374.145909925393	0.334799262431771	1.20393718062986	27.6387047572077
115	0.810628664125087	1.85296361387769	284.108670404557	0.389258549900261	1.06315105517768	18.2043508640327
85	0.866427759434381	1.78734931546467	292.524918862829	0.364704018821666	1.10356287970905	16.2615705041554
172	0.731394758796026	2.53329739569319	306.603475434876	0.358720467503207	1.08792864076272	22.6788685980145
121	0.911358426252594	2.58698985219506	354.153833807015	0.347334656808341	1.10555900389312	21.8439104930122
335	0.880332669797387	4.22853128975127	411.851068583535	0.329200080952294	1.23018650980227	39.2366136368557
281	0.948133153998067	5.22970961614253	338.737009806833	0.344714061267077	1.14474795829568	45.9553084389096
66	0.860149572013757	1.43053925483174	275.678696463104	0.37246797531446	1.0833834467343	13.9895365188327
104	0.830459468246934	1.71076876178146	418.74878263903	0.353795084345369	1.19121965396653	16.7637486502253
67	0.827229594582151	1.07533352375059	378.356270702716	0.332376686180253	1.11756948772598	12.4718889290112
3070	0.961801815187082	22.2414530140785	365.709240379874	0.35629924761858	1.20691530842252	194.22126543603
630	0.858444211056689	6.28481657002362	386.590600103551	0.356187616199988	1.21110716257138	57.6335577021363
44	0.881864872238822	1.22932402687623	211.872118783749	0.385640047287106	0.993913497502079	11.4171606445195
208	0.621222231320687	1.49351546904698	908.093119715658	0.284297293992048	1.49185352004169	19.1400601202746
62	0.828981892133899	1.04653751967571	306.24284510009	0.330733296949276	1.09136057094806	12.0505900868471
219	0.90323508680064	3.42806919137801	504.734882227493	0.319419843880175	1.31367223724925	29.3252236834479
240	0.732885808461238	3.37981847550472	319.696698107001	0.369647226842485	1.09352351956697	27.9553654189315
178	0.732626301832856	2.6723109606362	368.174930332977	0.352730879377251	1.16888422080646	22.2916687530833
159	0.951026697693567	3.53082640252067	334.338848729624	0.352653984955483	1.17474471797513	29.593096906844
286	0.890137705615403	3.3695188617201	476.535722021758	0.326730069136111	1.28946741380442	30.9045888044791
4514	0.947762414553628	25.1028768935268	346.741884023852	0.358225091297893	1.18430456219976	236.322685831687
817	0.726195765499574	6.19620676180461	430.93476059894	0.338869485519084	1.2539221171744	54.4445440709334
42	0.898403951671404	1.1400061459676	275.582233562717	0.337590825708473	1.02475184625261	11.1989440777235
40	0.552991040838505	0.439051488274232	282.305345876191	0.379739581753699	0.965536956093324	7.85748186029962
782	0.91532459695739	8.83281736639552	413.335144224682	0.350745102596	1.24900612832569	75.0121020356194
2157	0.918501345953722	16.9893822107723	410.213551246877	0.349687418672402	1.239876690902	142.447750003044
2536	0.928399951450656	18.8650090496437	322.970947484687	0.365486018802261	1.16928425631739	153.497237091648
177	0.300068947279089	1.77723736169528	400.849280999783	0.357040165394697	1.25667458399701	17.3756917195314
51	0.649813461597549	0.835045475396421	252.818419624751	0.393737097957686	1.04126999654948	9.73883726874985
53	0.692856881816683	0.83792344218137	285.303605509283	0.378770680829504	1.08028484763047	10.1748629615526
36	0.725004668229173	0.616763576000282	228.297100354864	0.367734510322746	0.937018793923392	8.27013069597721
83	0.837796005589352	1.37363666826143	329.613191756067	0.349544367897309	1.16347654374279	14.7470673856754
136	0.802926879959853	2.70825593267342	289.356515918855	0.386098878111262	1.10096761071546	21.9688698085277
87	0.899732100714395	2.11605597909884	311.318678176083	0.353922002957297	1.11188635991336	18.1859822513558
2734	0.765349945711894	13.883541396591	345.247147918208	0.361208600461244	1.18072562668531	129.189374512262
347	0.943511021279434	6.23307067880246	351.867315459886	0.361626710088248	1.16091911176037	49.8749219242428
103	0.58719696951108	1.37099514335187	492.278629004063	0.342828353758145	1.22889487870607	13.7980169440912
35	0.860835682622703	0.883492601234522	189.237813443407	0.400534802118513	0.891566777033502	9.47860869372406
136	0.681977700240555	1.75630230106457	419.036713949216	0.326520453579277	1.22361556055757	16.9640636517641
59	0.878125109771358	1.55221447895733	180.519614511179	0.409253189841425	0.872126488401919	14.1050140412901
54	0.832562427470023	1.54673307893262	220.643046993242	0.453242604851928	0.871655977901089	13.1098326283247
80	0.921969901604988	2.09579139474132	245.744341240121	0.372790521614051	1.06783589509651	17.7843119401256
133	0.922516759714143	2.51740396353083	353.076311737005	0.348074517220713	1.15478135529903	22.6840199634575
95	0.464279058830577	0.862495702831401	494.638710937651	0.326001370618463	1.27306524220741	12.2026386986623
160	0.81961707194377	2.43242449578795	366.677789651842	0.370342456421633	1.20175203484563	22.6821861430779
70	0.733239614441015	1.68134707573902	143.169259517601	0.445899888691514	0.810130833591828	15.0738226100919
135	0.702545138987262	1.78700096434041	381.645899234124	0.336641735092237	1.19756151453236	17.1247983444086
400	0.681713148414604	4.82357881689029	540.189348388631	0.320398526244511	1.33938738053288	36.6925094238084
55	0.857428131922946	1.44363869766142	207.60005631364	0.393156268744504	0.918104957893173	13.1454095625934
157	0.86951806814209	2.62499357813714	436.666551912235	0.356189793105532	1.2191521478987	24.0854906672429
1813	0.978539568458323	21.9238163429416	435.180034903903	0.341646358112737	1.26131823660596	176.938206362068
249	0.93995620299735	4.12313012277381	417.456888099255	0.327184842379889	1.21221314696288	35.0382370001227
4443	0.876927389122596	21.0494366203699	433.931455737268	0.338675058425266	1.27396640645475	172.701001333938
994	0.22413021547663	7.21583556477553	341.19097756372	0.353783210920207	1.18168139084656	55.0347861473302
90	0.737927456948348	1.01377263334356	468.750190326687	0.298172940199731	1.22308974723247	13.4230789461706
38	0.689674856294781	0.601602019994822	255.780920535735	0.349341837486634	0.991745586371993	8.25241133907982
763	0.872943964350389	6.77510287679426	343.136137989825	0.356870162270038	1.18016183788139	61.4405628109863
118	0.833246071746054	1.6497099725001	509.714154435223	0.307915016400748	1.27016852354066	17.1249818476078
57	0.627967086472461	0.771330321424311	323.278768920633	0.343806291270129	1.08117878675895	9.99372913682808
40	0.879678453116426	1.15462127540342	185.686910423491	0.403960072472183	0.845657246296965	10.8425821329379
560	0.801472973746994	5.80194310926076	284.920856334962	0.371139364856703	1.11491050251677	51.9134304100545
9734	0.824626494755614	25.9070069629102	384.70405472119	0.345854798828972	1.22860885010539	234.446214433654
41	0.754235690104167	0.971325108791733	233.866166635281	0.400105869029829	0.956084642014601	9.62594882859313
331	0.79011204238131	3.96470764552058	312.569826918014	0.371961365810847	1.13275104251707	35.854674529833
225	0.935751824164894	4.28487806122487	416.79532895111	0.333747767405056	1.23336384879759	34.3583802209322
1437	0.906064856851078	13.4872391469851	423.052815963977	0.340294103391902	1.25715289566273	120.412075154065
35	0.803459079271295	0.885956082255736	238.852112601381	0.413183079273045	0.800053824568441	9.05888352758185
196	0.93583049282601	3.6369508339922	389.950530471964	0.348482475461538	1.18959529799408	31.3045303340527
56	0.955101538135365	2.0448365979246	200.462653556112	0.381333827874076	0.824674124469834	17.2331557783599
286	0.879774269321285	3.99443229434061	367.650525197708	0.333810545311917	1.16213577574053	33.7566765985759
70	0.729040318637245	1.47989033082086	324.212688150241	0.404620174942756	1.08961520688249	12.7824020437939
309	0.927408672912126	4.35069765651911	501.019954714366	0.344670127878062	1.29827691329238	37.5665011891468
319	0.920131807453117	5.2574010675051	350.508036087442	0.351573254821193	1.16091840071476	45.6887215017388
69	0.912782791804631	1.73643509118757	249.052812428888	0.361305922968093	0.999077777534476	15.8465934594349
239	0.765327854728495	3.07758201604732	322.077066142937	0.356053269896013	1.13389760690446	26.6440812560787
52	0.538748765851885	0.603001939918291	336.183109042783	0.359431169707569	1.00396557026957	9.05238214096845
46	0.81406621619368	1.03744226787114	460.057572910212	0.33890116441587	1.12047868477919	10.5500875743337
108	0.811599612189598	2.36572285886179	307.904533839908	0.379363078762838	1.1050740662994	19.1870345639022
361	0.834902208189211	4.6475155801714	384.774270765264	0.356801216497162	1.19004303966381	39.7116794588632
88	0.896285102024604	2.24190228423243	268.608238962269	0.429494755800638	0.991708273192713	18.7061914691839
61	0.970854329739346	2.45767067959647	157.912889959348	0.481244598098531	0.715349604373043	21.1374856273298
54	0.816082018309796	1.28632725744179	246.49264958751	0.365824496118614	0.95860196372259	11.7357761705996
333	0.893012313258416	4.47357205474659	331.393719370944	0.345382921156653	1.14457698085106	38.1483900168623
236	0.957995185420114	5.14104286817117	351.088767696521	0.377678836414434	1.1792498715023	38.4790935149044
372	0.867021651215541	5.90273196751659	401.812961178119	0.333540555318654	1.21961912347304	49.7273175901923
48	0.679865078917285	0.688675846054031	322.282574505671	0.358660922063377	1.01783537338014	9.38376944527286
91	0.88049825922769	1.62442986090358	354.079193229674	0.337899503291011	1.13970044130181	16.1993669554314
78	0.951099482255468	2.53507353393874	165.592460658222	0.419707927618678	0.846137674185744	21.4203588616852
195	0.887296671401689	3.57534153435676	415.113248157305	0.338850258100776	1.21321825937435	28.5120259235647
114	0.866712493800801	2.38759560266621	317.192001682226	0.378865566376879	1.10865530255478	20.6595523790051
144	0.865464732073672	2.84731504897472	244.19409282922	0.384551452786747	1.04502960818239	24.4806296190233
97	0.764711316328166	1.49772820466761	309.023612261723	0.378386982793957	1.14974608528248	15.1577371482561
384	0.909042695668732	5.20952294211902	419.989206076302	0.344681368305996	1.22078274203046	46.2106534978006
137	0.861302561525592	2.55031478420718	335.390665915895	0.341433026241882	1.13946573031042	21.5792415083578
62	0.832043466844915	1.14091723719358	278.888693341284	0.388528059116294	1.03827096421613	12.3744753679579
98	0.804640582132576	1.27247622034823	440.856746732611	0.318876523582406	1.23967033232277	14.9755587729294
21856	0.794385099115092	40.4642245849486	418.841841085104	0.340843026488671	1.25672064249228	367.259681099455
41	0.904895028696351	1.16578004382351	195.224606375788	0.419731386619432	0.860083167731014	11.1456834137431
141	0.805683914390241	2.33847173038053	385.146134353213	0.343436898534096	1.16119469941764	20.4713489612973
71	0.410326058782448	0.841849595665272	382.082172673536	0.327297993109352	1.16586398148259	10.4456512435693
100	0.708079738043229	1.82268076340665	282.301229130987	0.381011786155597	1.04422345643979	15.6879502615168
1545	0.857775132960359	11.3989342089093	331.83678672119	0.36019730169337	1.14838924735797	98.3358908156714
191	0.795726698018882	1.85294335412935	389.697950379509	0.347316369006615	1.21483572345121	24.2409921180099
656	0.922345069396189	7.3765826857546	342.524949718833	0.366818021068365	1.20038521085822	64.9464080604696
33	0.717667401406251	0.544877889710064	209.240437611838	0.370974293750764	0.95067552518119	7.79931666137475
209	0.857918971741012	3.33948523988688	309.030865903749	0.382144297823631	1.10583555369819	29.098449449133
42	0.944009760629041	1.57035104273846	161.690329234931	0.435978156833772	0.833590090573118	13.4294976579992
63	0.51531350983533	0.874798215113308	338.033900253671	0.347567422267481	1.09504507106181	10.1843257359323
115	0.865468701561788	2.51552215093213	277.650406033979	0.423741611006891	1.02419641510105	20.6506367000407
42	0.700432774473401	0.610643393212627	287.581940143435	0.3265802516274	1.03447561347416	8.75555497677395
581	0.959319308574696	8.69400268683526	366.199656589885	0.363961633115649	1.20236081050338	75.9814389573421
511	0.947746798363606	7.81347738996599	327.025849918898	0.370642286149036	1.17765214318517	60.6339532491994
146	0.808863703831146	2.01834886703488	452.963226695568	0.302258095199271	1.27649525732393	19.0114896617791
502	0.89539179587158	6.5646737509169	354.675223187827	0.350825192613428	1.18358034501308	56.0595425614189
339	0.923009735362877	5.23838151662966	347.976117170269	0.359355833456852	1.17879263282708	43.9634964066151
351	0.823806103803788	2.87301351920595	693.347653663903	0.324524338903638	1.40239008525104	32.9274843949924
3243	0.845184916604646	20.3760090184563	413.537181774064	0.344451093277145	1.25579721705115	165.157106528568
206	0.968031849736775	4.7445243707916	312.499831311132	0.344265102536411	1.14205077885066	38.6763140759138
51	0.804659031862716	0.826210014162851	318.466714790587	0.35088276813767	1.05719957646959	10.4851257450415
31	0.768584221190539	0.625460362986271	196.201652783776	0.390016376793871	0.842228119940887	7.92636527717384
159	0.494960692973969	0.581936006745473	463.434288169423	0.332442356741976	1.27289178267946	15.5306005443795
68	0.756335836241095	1.15574103887018	321.645575299893	0.372202990486855	1.06744923844647	12.3895826260156
116	0.890247815111753	1.77011813643934	602.707759239487	0.325963506317747	1.35130705448148	18.4979880158616
428	0.923945175199486	6.33341217755057	425.252120062707	0.330202664991761	1.25366043712285	51.2591263590645
103	0.794481321323184	1.59695583760889	338.249454332107	0.358868331924712	1.09403620399394	16.0838793607425
617	0.935116820167971	8.18009369718167	335.824810314821	0.364348345210553	1.15002614234279	66.6861729813678
222	0.864691908868282	3.9220539319883	309.22955392026	0.358102809806359	1.13923355881459	31.9282576707731
5220	0.787309748537027	22.6057192823359	380.68376458223	0.350581345126878	1.22543137457878	196.507885937565
105	0.747643658207881	1.56189947686647	375.201551215687	0.342896374849316	1.13662911481124	15.4708512890998
31	0.647668744764876	0.568147975826166	194.931330502384	0.379719946190534	0.908157888918988	7.36548246776706
231	0.753750196696131	3.18044889496608	304.752843073723	0.347954364972149	1.12534069159706	26.3902723420776
40	0.811768271889128	0.745412062480887	250.348232776169	0.338280980461755	0.978454551295897	9.36249722454223
163	0.83213682752662	2.79788413018048	299.944545767038	0.348996636336933	1.13382419061237	24.2503236188988
630	0.910594936026752	7.23162966726161	416.251727217424	0.334311751928617	1.23702336671513	65.6439377625762
33	0.554385497681562	0.399649083729191	274.040736837375	0.369052757735111	0.954373260142027	7.13563514580267
37	0.500198025787697	0.375939341975831	298.189940046556	0.337367541392309	1.0503431382361	7.41869346775438
44	0.853733587480083	0.914969853111185	250.800871298958	0.363372357395543	1.02046665913391	10.4471383206938
119	0.751178916666355	1.12614649408583	327.041006835109	0.365086552075139	1.1217062404173	15.6634275695875
208	0.893848945302475	3.57375707355551	418.661397093953	0.330090277783888	1.23620598238579	29.2769032956458
34	0.483270899385188	0.311294922563513	265.138049477651	0.371581358594933	0.940156047956826	7.02866814642756
3077	0.926872247411336	21.2961392208136	427.871677237344	0.333665040242626	1.27114843866891	183.887347565723
224	0.606212486301592	2.41102375411568	402.958457828686	0.347330310262917	1.21349534637222	22.4585510073538
116	0.955369488465273	3.2749295518854	246.502324597058	0.368502605872469	1.01109063372933	26.8470521964853
138	0.903193470263488	2.61891356128408	376.285204560034	0.341746012334248	1.18621785627833	22.6626266250761
350	0.978918778855637	6.87862756402269	367.538651230016	0.354561454637063	1.20072312072198	60.7912368731897
168	0.860525496492108	2.44297350190378	478.590750010649	0.321337344248199	1.28854626166132	22.1036731007216
86	0.730303833422378	0.938406471723517	468.406048628776	0.312694776851097	1.19142038308025	12.9026503762851
43	0.920723613246075	1.53816085747274	206.526519673215	0.389290782349606	0.887853914634054	13.2636743149699
6427	0.692835354527252	20.5007804759946	392.148128812215	0.349416763141171	1.231665673787	201.860902474545
115	0.761367803881679	1.34829418306943	469.767183777703	0.321509286522861	1.27365746646562	15.7729405946747
132	0.758603166492556	2.05201277978113	497.892919118234	0.342518391330077	1.24891358046474	18.3607492545607
175	0.72171553285516	2.61527580306438	371.149811321686	0.341346907923804	1.1876721780042	21.0686372488933
355	0.922969750682445	5.08402166798445	376.433057734067	0.35482220907758	1.2130216207256	41.9055216199467
245	0.909055378116349	3.87894743038006	489.312020334111	0.32930443591528	1.30372160327169	32.9205186435141
66	0.760317091453209	0.928998579475855	361.519122890974	0.339099121746181	1.14853737765702	11.6220826632395
600	0.852409092902034	6.08278600408312	452.936452272342	0.318560466142298	1.29019544169337	55.8504512235461
85	0.510164929404614	0.554942064027702	502.285251909678	0.317469902028725	1.25041315824575	11.3380693138619
546	0.766000919264812	5.17191585796334	374.40526239748	0.365847168786716	1.19216777242484	47.3386035009861
53	0.799162594732664	0.871061304074992	328.299595279559	0.33392408928782	1.06095381184261	10.7165823981918
145	0.875560484538613	1.9300971607454	541.954862521856	0.312004905439213	1.31171079419435	20.0746923052668
102	0.887396801493479	1.80203600699737	425.4810135403	0.334440962903961	1.21776022477535	17.3940291979774
44	0.762613174250296	1.0563143805443	261.394883563539	0.419242093117262	0.962214403009867	10.2270184550894
78	0.747277189502883	0.972638008556098	399.818747155427	0.343839045493458	1.11464208572856	12.5790746558268
86	0.509701786075365	0.492985063379697	526.395207856858	0.290739578604204	1.28260477067819	11.3319670229305
51	0.691198446366064	0.79520165924359	259.555224365668	0.35827350916865	1.04926834083486	9.75245390950742
138	0.850227079356292	1.86912818661147	453.534477912974	0.289725900939602	1.2367757028327	19.1655158808917
1875	0.634850040253049	9.85272200884038	353.811619204334	0.360330988647457	1.19279328414233	86.043480337269
149	0.930612327394295	3.10347458504906	341.953439257492	0.349730581333344	1.12598011468149	25.3333372769249
52	0.900842188601374	1.22417710969523	298.641724421356	0.362607583293256	0.8152921028753	12.3571120441392
192	0.949434846187683	3.99015689917797	420.208247192948	0.339986980600791	1.23954917054895	30.9261853912182
164	0.86780279869625	2.92674414421162	331.020347770138	0.380587276897133	1.14404165256461	25.2586104364292
40	0.905295754708255	1.10734746265262	211.303846348032	0.435036076800783	0.897731894130836	11.1205123094248
438	0.768756720609673	4.59865364676951	408.13916429332	0.343080227108334	1.22306018413665	37.4076576265416
62	0.93411144455043	1.72160414103329	219.604768349962	0.400876307571274	0.935081813500291	15.4888411743117
42	0.771599198123625	0.885060740632276	234.872680791764	0.388804369980841	0.968758038929386	9.65266256747722
314	0.947386240056533	5.91132888897958	308.523084149363	0.361499399387785	1.14088608729197	48.8681847080651
44	0.927063441893959	1.36194985905749	191.672133784621	0.399495214187626	0.897677159164738	12.659957630773
390	0.941052063440356	6.34606539275514	248.798281654042	0.377889256075257	1.06077120611209	52.4308158775225
4439	0.830053686073237	18.8047997844833	428.677672653039	0.343081873802911	1.2620601028637	171.263544164761
531	0.952532166566184	7.69392126710091	377.315664366805	0.339333355336254	1.19559171983425	61.3125421236776
150	0.853645473194191	2.23779620726848	516.347986479361	0.323909670417024	1.3120756177656	20.6192713468401
45	0.91239123402093	1.46476579128017	174.529181271557	0.434326532921792	0.807775190000602	12.637674895373
444	0.850384867421817	5.05389996626285	478.753237815676	0.326602167362277	1.2999495681349	42.6520834340742
90	0.92823145401295	2.40680445742785	293.110113491375	0.391858678463141	1.03793569216254	19.8453945517014
74	0.937981789973463	2.12147556111792	385.796273513328	0.32168036251979	1.21003536002548	17.8047815911285
1012	0.839691872764693	7.51910947634272	470.636833344221	0.330843377819394	1.28621799654016	68.0102835904231
92	0.928781451286659	2.13410672711025	325.765021258399	0.315223527144057	1.12736389775808	18.7893057228133
117	0.944529055343856	3.07258428064804	276.860101426106	0.395643269341424	1.0341527227797	27.4203595857211
76	0.745539788991127	1.42571026760595	300.185402128137	0.411763368133116	1.06042166207749	13.4350383474346
2366	0.948887018111434	18.347992993636	435.783015538225	0.338993959171904	1.27846911612833	148.387748465794
2247	0.740014503244334	12.215078875824	443.8035112031	0.336381275860136	1.27954390765172	104.781277954048
36	0.645741161380411	0.478815322520248	278.452158015448	0.34476502829444	1.0091677640141	7.80940402931041
193	0.890293060048646	2.58567792505282	571.949372801127	0.326537689441991	1.32956940764222	24.6492136968154
699	0.945243802587428	8.73602845363905	324.132214183411	0.366865720237201	1.13848951600284	72.5056582297705
734	0.892721182461357	8.40078818995499	367.318060017366	0.344071396428632	1.20695887808983	65.1838337246305
149	0.902283641682932	2.88732145987172	368.773782085866	0.357822715111094	1.13682406124436	25.1387553321515
361	0.883871468484087	5.21045210392821	350.460672163687	0.353572669042379	1.17840250070438	43.3927186766108
173	0.923174683522498	3.14868749370172	259.457079776693	0.383343126955682	1.03121811873266	28.0397686571781
81	0.750211189821558	0.978393375024568	362.828791905157	0.323384522641028	1.19837397407339	12.828427821098
136	0.766623062652415	1.58785567815978	456.537183936698	0.342733082608035	1.26487295480642	17.5760208428444
338	0.870704016640372	3.75428503380053	615.716688891384	0.316647845737942	1.36604535878185	34.1081780629635
388	0.79874956821815	3.74724736072356	449.235970900013	0.323580599329784	1.28254660672341	35.7186457281577
868	0.976848468308334	11.5817638452507	545.028757832987	0.323474654619675	1.33510559457604	98.4451618190661
820	0.699879721314944	6.32869211970228	371.943549805096	0.354561902953377	1.20330650241725	64.2776942634855
69	0.934784965004816	2.0194150106775	213.926377157098	0.421271744723465	0.945292007891539	17.270436125188
280	0.797374547800029	3.02083950337701	566.025966827843	0.309272648664887	1.33613148330699	28.0236025535144
122	0.832356257768812	1.60521661493795	482.5109141007	0.315403410078333	1.29226101966848	17.4499956592005
716	0.953465073137675	10.6284103393195	433.676721626391	0.340488661773396	1.25318061074859	85.1182182883768
120	0.902893560097785	2.20004008077685	447.79974810426	0.316660984890441	1.18698666744215	20.087612282819
62	0.948779017203165	1.90937277748091	164.502218332772	0.392993769464358	0.906906102315393	16.7931660737031
56	0.495297271998065	0.547572562274832	367.219945970424	0.333588254888222	1.10462868287425	9.21544689682248
150	0.920030443742921	3.05699091534346	311.178478513736	0.35974743974744	1.12105385209658	26.840151684078
128	0.942369196162551	2.9225765093245	302.110979805726	0.374285516285516	1.07306128829081	24.9019567163972
2217	0.825982545923881	14.9000436611349	333.739961547693	0.355952246265277	1.17738862520155	128.388328460927
61	0.843515208621132	1.00791916570095	303.165717891255	0.332910343498579	1.08819458579617	12.110456684361
62	0.909812001246765	1.82512517148068	200.371474853801	0.405039376804082	0.963399356202553	15.1261114765378
360	0.669680999642923	4.40307726388301	280.563719514325	0.361112182041503	1.09108167706306	34.0795079199718
1008	0.916720949784479	10.7363665658148	376.58703445279	0.34722287149172	1.19814652642212	88.4246402009206
129	0.94723408100946	3.26744829032388	289.882361009719	0.409515458290207	1.02352648244181	27.4435207532689
5284	0.714345359582621	18.8251924428613	391.222178686569	0.346570271720291	1.23337287769437	165.458049828692
32	0.856558646921193	0.88196658728994	214.644810035343	0.399881244487002	0.856732074046734	9.02701143764656
6386	0.84544756007576	26.7124738494128	426.355645703864	0.340783564327331	1.26195660174859	203.670487084976
1053	0.742335395618811	8.4501083921511	358.784845133929	0.358401920192202	1.19476697111079	68.4756538222168
171	0.881177668588992	2.88639397175945	358.733407829894	0.373263871948993	1.13153251853396	25.2491282999934
213	0.790544058023935	3.39054961162903	367.100937184674	0.363221306713954	1.17805598344208	27.1950816043575
33	0.430791427452439	0.432087182725998	242.011711014105	0.360023717670777	0.950509272767016	6.93771874719904
204	0.955613398309621	4.35669064602708	319.494327343572	0.345611229877245	1.09450698428625	36.6028642712235
401	0.890992237357748	4.77162607968016	573.105338747828	0.322457538928127	1.33916484259489	41.663185792325
164	0.88795157613281	2.92697687429094	294.750509746454	0.399233396464441	1.10377530075204	25.7177685558534
295	0.920537576480624	4.03133098456963	664.509033971363	0.302086895722493	1.38022736356485	34.8985877100335
995	0.825705570035251	8.24259730849305	436.048591508632	0.33568640315216	1.26912015456207	71.6904532757115
338	0.549342923182206	3.69213174274644	459.396924434085	0.320732967640314	1.24180398470961	30.159306295742
249	0.937143701407594	5.0215700771238	414.255292832575	0.344447656745583	1.22222075388139	41.9743919432586
222	0.968876566150343	4.45862570909015	380.582752241081	0.332142457035825	1.20736613360969	38.2080161885306
76	0.692818716915652	1.0176728178934	403.068256066302	0.36014352491609	1.19083875594877	12.1435833256939
611	0.896910886270787	8.14417435763401	428.180997285244	0.337203900428887	1.24557661617096	66.7087689881773
36	0.715649307652917	0.488692909717713	227.522881043481	0.338738694668742	0.985161299103512	8.08768546585051
114	0.953903594105224	2.63274699705165	322.391889683509	0.354123488560285	1.14354277482841	23.1575876831927
179	0.907791734434055	2.85001606376444	426.370256463225	0.313240193828429	1.25220188074641	25.3020093317351
58	0.924978433533772	1.50918491161524	259.614281175325	0.409948984855327	0.952467615518213	14.3928463829172
43	0.885896261425588	1.23865828284159	230.114747841611	0.377509510477629	0.957061928695544	11.3999059207167
149	0.939551895107074	2.98005321867045	407.781007049419	0.335657257057927	1.21813816772221	25.3031700605893
161	0.914758697241273	2.52972261703341	537.304963909986	0.301047928184622	1.29045050431419	23.2674866257168
600	0.715012764377828	6.01393748308122	349.775055134811	0.35798839019199	1.1689272233003	48.11610287629
1333	0.846801792301954	10.1841863970391	454.889575983324	0.342861143472599	1.29041481024539	85.7163069418897
78	0.353342834463578	0.426188274840815	488.036929463391	0.324005544005544	1.2258155057408	10.3757776526639
418	0.933001494295104	6.18754247823896	446.514649771567	0.329006510671669	1.2787420629186	48.2728111176712
72	0.744221580017322	0.925738460408261	446.931613759359	0.313854443246518	1.15207305082912	11.9594839866047
66	0.900614028100359	1.85026665409312	186.208995478011	0.414148804980448	0.942028718115073	16.1991743191493
1017	0.949721469372367	10.5108186495951	406.157646362264	0.331626725367902	1.24337438877906	97.1887868851723
237	0.814663912735299	3.54999195720262	466.097832412002	0.324940494276826	1.26111600170408	29.4840285662304
40	0.714480551571003	0.830219958842117	234.321733475455	0.413772695772696	0.992099511823997	9.07388477117456
416	0.98253461585895	8.02886181270719	461.398727169583	0.339578239653508	1.25701652166073	65.5261786206257
131	0.918281448640012	2.95380320167622	357.778237586956	0.356477824213186	1.19238543936174	24.0034387655286
466	0.510999518856221	4.23158711060497	431.489739021627	0.331113565923123	1.25243995832136	36.5859581757291
188	0.8464008105769	2.78044793432658	321.323646135831	0.36921124134925	1.15972806374626	24.9113424128739
228	0.624088540115191	3.26212518232112	387.331459076822	0.344784179366586	1.1853323214274	24.3644072663119
69	0.907523877397499	1.64639432483138	290.008506029526	0.393103632362295	1.07154013845763	15.1649871438736
257	0.618507836267538	3.28177183979988	399.948945826567	0.361858732682262	1.19208860415907	30.538696926705
125	0.834514080072112	2.09534146557333	352.619493511445	0.350565721366572	1.16899697242828	18.4983079142407
58	0.893420733350733	1.46447898621811	273.487567556493	0.397906513910458	1.01330731398359	13.5236334168824
93	0.809861802182261	1.28422098693824	472.230670895866	0.324681095303159	1.21257573931798	14.6906666837541
37	0.735182668570538	0.7093024606569	216.233079665602	0.371504481210364	0.972419765463382	8.66398583280031
35	0.777113583079497	0.957313305922344	237.497109725759	0.378037605478782	0.988528251734585	9.19540179674744
456	0.768649972926015	4.76994360710507	345.627889358318	0.351969077969774	1.18233030163791	40.5765589819204
84	0.768226788967883	1.17630624048604	355.86211673896	0.343832103205781	1.14237987180472	13.613716830724
82	0.971433737739987	2.68443149808457	288.063301727332	0.351281884445636	0.98253310175475	22.3192107642065
89	0.943842278383079	2.40353112751424	288.741964940322	0.395205381998551	1.03895076531493	20.4756834705667
167	0.690407418961925	3.34473366062683	239.626297699423	0.399639555780732	1.02441837455869	24.6406372415723
942	0.656009994753252	6.60663035401457	378.378902610365	0.337052318638733	1.22668836969056	62.6296687346057
100	0.795673273950545	1.15390037582846	471.579754585857	0.317779223182658	1.25110786686471	14.7656683158136
57	0.788019432562617	1.1420636479459	284.629465195337	0.355119780413898	1.0411163376617	11.6772268641508
197	0.936211941750509	3.62129735994863	352.284630342158	0.33001908195946	1.1601751272345	29.5842268445756
260	0.933330927245867	4.5662316145944	423.0242754951	0.321714315439805	1.23390015544002	39.5089224779259
2027	0.903592181304	13.88159174974	425.277437210665	0.339460026533994	1.2525948921475	122.18860304197
31	0.846760625405118	0.80096065504022	246.499520161193	0.373811992092535	0.839899612037273	8.75451906021885
84	0.59369076935031	0.579609102729228	486.55075843598	0.307403641793735	1.25640151468765	11.607408119794
82	0.729978220151838	1.24332395924868	339.619002191781	0.360141806965336	1.1616936964052	13.362674804511
1298	0.927455638925109	10.4142285516698	406.431677512358	0.352499461813477	1.233768774214	95.6279444978502
155	0.786471518343801	1.92656808912244	499.527515452083	0.320332382871082	1.31307398161533	19.3318768703942
293	0.98855593874792	7.10121986904259	378.068811057413	0.336027253428158	1.19303863952809	59.7581824905971
568	0.868321123730368	6.43971486555462	390.973326398751	0.346124840241268	1.21865478911873	55.0124189938748
1343	0.923905624330135	12.7262925249495	396.08270477678	0.332792286083369	1.2468161111862	105.920436634042
45	0.9091697483844	1.52814314194897	173.079773686965	0.420053809465574	0.826846022401631	13.2853376463856
123	0.787939226385324	2.15282876423157	328.328299703156	0.37017835234154	1.09493891468779	18.9735707367698
806	0.839861169475958	6.00349762313474	404.197359536021	0.348467457045413	1.2176449641201	60.7760412282979
92	0.806436963658782	1.20019293856998	438.44443218458	0.311422464066668	1.22579464950072	14.4073034961955
233	0.84296225448638	3.68900206207985	317.056170135318	0.355075153929162	1.12160670064622	30.8354331103562
292	0.914587049394401	4.64130490150143	318.624355854667	0.372332274219067	1.13879329992822	40.3540507928495
43	0.819066121837563	1.13118819638826	265.096485328908	0.357893349831066	1.00581369105224	10.6825239530002
245	0.924304948284992	3.76578667086894	581.392317143563	0.317351870565493	1.32355250540357	32.7842202732676
58	0.604704363254282	0.671526326692986	350.213151407365	0.351128255433637	1.13326498821699	9.88690380584248
159	0.768301637729289	2.64715078916621	424.15376390887	0.325862849987107	1.22261777635522	21.7602820819025
78	0.790905513903841	1.50790844080936	320.50723758915	0.396109031232371	1.08426664878258	14.0528755050203
34	0.59344818233498	0.381954766848075	244.693326055385	0.342419591537239	0.996930757555133	7.33933831733145
141	0.754841039335089	2.54448115944173	306.940441429444	0.358019630649846	1.10442826481603	20.6289952471587
3403	0.840829585537216	18.6283721756018	489.183713709114	0.329599672255197	1.30713127616418	149.741461943105
33	0.821620917440712	0.924732508933659	183.473749861017	0.411694711945025	0.81981983358445	9.27758447825777
1227	0.925747385798775	12.0251174226087	488.505382270149	0.337513719139968	1.30113001150827	99.6002039633092
363	0.872327641345158	4.31209584203383	573.048582837504	0.326003323548817	1.34919371230934	39.4111714333829
596	0.72198961659597	5.45698800851279	422.771341200677	0.333663887671622	1.26266252218494	45.5815928920653
34	0.817729940273084	0.651132447104155	268.111250528302	0.396610723046709	0.97469044847109	8.68418345811193
256	0.943164227084019	4.32872149071644	351.392077005956	0.332412271026894	1.20323507892571	37.1925121127003
215	0.904091471069214	2.80613536853095	521.846573434844	0.307935079791254	1.28302321720911	26.9832876257904
681	0.868493539635865	8.4652209005322	321.735153312047	0.3517281173539	1.15208364253417	76.6399090641196
645	0.814543244659173	6.56458497477966	475.994750661743	0.332149057615302	1.28048915643285	53.5553827731912
80	0.779331194494177	1.56377279062267	227.965292949801	0.372653397004921	0.975904966434643	15.334484906789
2267	0.626322838698868	9.69224963359291	433.773704951555	0.33585301299061	1.27223218520633	88.4862480331116
111	0.912279142413271	2.28899791762438	352.089584213373	0.349401327583146	1.12104546568552	20.3068742510246
66	0.650467521046585	0.674875937052727	361.036780253948	0.316749227489265	1.19805110345185	10.6671245092813
70	0.891258517493177	1.40374742280482	274.70376608376	0.363147074516153	1.08227906547706	14.4262954058722
34	0.725755793281826	0.517035483504485	258.459069018035	0.358422028014788	0.984826005525407	7.95144714864815
44	0.922382167454115	1.54647072362313	180.20473036912	0.460951837422426	0.832225741843665	13.4186003792573
319	0.80533119031883	3.82042440797302	616.121207410784	0.325628354475413	1.37021543010954	30.5847354945447
230	0.861915774439242	2.82562886175164	640.459350781432	0.306927934095288	1.35536964570621	26.4322312702829
65	0.876658537760491	1.3020811567871	333.327095706542	0.335567451577154	0.928095884832392	13.372867647346
266	0.991361052041348	7.49905472129599	342.138022625913	0.404732666612594	1.0010797060709	57.1003605554694
938	0.873165476619055	8.27726763343328	439.453076631312	0.341039987607108	1.26232450863849	84.1314197338019
233	0.929726332976449	4.07296107551173	311.29927700215	0.364004506833171	1.1310611882827	33.0023504743028
368	0.342412993246558	4.07469605555558	336.04735899355	0.352852782313367	1.14097443317163	30.4519869136295
197	0.93256973431379	4.27465744364288	287.303394986561	0.351898280282704	1.10077025386133	32.7903741640622
43	0.392835691510032	0.425644481884753	276.814853674896	0.343514591514591	1.06675748910312	7.83937672099316
1934	0.900349143150393	14.5381670384678	395.756225702011	0.344942972338779	1.21520791298398	125.693518071413
103	0.654839538766881	2.19905379966381	250.097830881631	0.398243613145574	0.993599954496014	17.3299214102718
270	0.544940886980795	1.78191121878515	430.811227174614	0.345875189597574	1.24931628868449	25.748448871356
88	0.877161665166252	2.19677007491112	276.5013092234	0.394501207877167	1.01980681705043	18.3412887326717
53	0.760969032816172	0.865021007460903	293.021677542161	0.361243936243936	1.04101857969152	10.6012334162343
45	0.633008995864829	0.553719480861173	277.967470610466	0.334179173118692	1.02171501230814	8.69928570481354
68	0.748512001945734	1.12313373682857	290.224718724944	0.385196611723606	1.04440055074499	12.2586989646697
95	0.934300879645597	2.24801016610463	281.509297758066	0.361454576453618	1.04490255557203	19.8550042049178
245	0.885272985858562	3.79299719884233	440.952535682348	0.347435369113008	1.21962689929484	30.1460940308546
118	0.647433465295791	1.93907690214114	380.081922978746	0.381104278367436	1.15994618435481	17.0670353890945
46	0.892194890395653	1.27234528302634	213.463516568046	0.404185712283608	0.927881537594964	12.017845680619
57	0.790090688707209	0.919105512458771	303.319708622129	0.36619303377259	1.04723911854389	11.1924076784566
34	0.779545232530242	0.544968987816888	219.468334404991	0.349394878693521	0.977183391608789	8.27784637705553
143	0.863707641276878	2.89236240609774	274.588145515848	0.351673092112074	1.05689037074618	24.1741464308712
198	0.779940593484373	3.12270019533758	391.58784754954	0.332836772340119	1.21871148439504	26.1024399130178
97	0.920997352357117	2.08431688275834	361.391645964788	0.322530529072143	1.09780201518849	18.6455915596053
56	0.918439159717451	1.84033024643215	223.514338426399	0.400577258104557	0.906648741771155	15.1425125328508
35	0.902274443867304	1.10771982059914	197.383123377518	0.458782448045726	0.880485147543982	10.3338954705721
795	0.936536341513367	11.162197102903	344.401829964037	0.347284856236453	1.17777247310591	88.8553398531026
82	0.969207338141081	2.68577106179924	251.414418005639	0.387974987509871	0.935995837321156	22.4758965275265
79	0.679959869206885	0.954964847876198	509.841411612232	0.359453663329096	1.18917815702099	12.1854052307759
35	0.897778054639636	1.13405471368418	179.322779596582	0.412711646967702	0.845959911094725	10.5485787114219
247	0.928982353864132	3.89980737208159	353.823124997786	0.353780699004228	1.16705633484358	35.2881958011882
56	0.829793178366932	1.37709264914816	158.379178892673	0.439990216460805	0.803708189803997	13.0394058184457
71	0.980505304859618	2.99588457100022	198.589263545988	0.467484206614641	0.688172883331245	24.0468972832468
40	0.786812018051096	0.713441470423618	257.626059033026	0.364803439351502	0.983787661357481	9.23411164812407
51	0.881147400505573	1.32728740781471	267.804661822915	0.370551516061568	0.994332415008103	12.3500079026766
840	0.937980798299662	11.1863484577517	315.874544959177	0.371620010916998	1.15512275950761	94.8380852393294
31	0.722779920162318	0.420416751520435	224.569494104211	0.355209344320733	0.984797757048491	7.52096043331261
179	0.862653277430921	3.09710649408703	408.843812242746	0.340644366345427	1.21958730359524	25.9202848537977
392	0.828579278298239	4.65942860405646	356.64610401834	0.355311195930391	1.2053743977774	43.404902927903
38	0.542628493400305	0.476013804430904	252.035015660921	0.377153261859144	1.01243576918151	7.71126003196183
102	0.969311172683273	3.32045611335136	195.39321612193	0.454118962223109	0.919177371962004	26.8811748291595
41	0.551197044895159	0.758734324382546	237.554936245257	0.410096890842945	0.976073796134541	8.35305545013786
45	0.638757170390409	0.532314535186398	306.951031045234	0.38354262995064	1.06130910773646	8.71468125701607
136	0.934094122861786	2.70472537526712	420.279854871577	0.35872332306365	1.1414004412115	23.4013593660633
46	0.873908779572788	1.22773789781253	210.547562028095	0.42170349804893	0.881829558870203	11.5409659146999
130	0.912115273972679	3.049663064661	274.800372014518	0.386660542202338	1.03937032537044	26.1282963711314
82	0.958833716584366	2.67671614553969	191.315229659058	0.381675978965391	0.91462075371528	22.284722877816
486	0.976492075350559	8.29371328763123	475.362322033353	0.331882099601767	1.28606048737872	66.4879945785221
115	0.869543681683372	1.85108217441016	424.372815466417	0.355084762451278	1.12868778127344	18.2681058149761
601	0.958328231025239	8.49857897434699	461.416329557606	0.354006053564878	1.27759163224147	75.3529868411069
41	0.668425815161682	0.529236420405494	271.909015037732	0.371408332823774	1.00187366527103	8.43993837340924
97	0.925373064706153	2.52284808770584	272.275282188298	0.38787480386284	1.01796861902841	21.2097989904169
122	0.799558648655332	1.32169005852403	561.935288877951	0.295695196386582	1.33345673791403	16.3136491549531
40	0.36881704364484	0.394186807719047	355.105225891721	0.30008518059669	1.08571012677873	7.47174406075432
508	0.96607944891329	7.85000500480703	456.387421948947	0.332757652967469	1.27868199300285	61.7536808746762
124	0.9515682468285	2.97289362758866	325.880327023419	0.359918042030537	1.07505694988407	24.5052194400369
64	0.663174004957282	0.954285962681004	276.70724780247	0.344965937804813	1.07904547909192	11.0315055686662
128	0.926056622456402	2.42803941655689	363.486284917588	0.324828278269387	1.15035094589504	21.6854467377249
246	0.893546361806787	4.21878822681407	393.001336109023	0.36397537017754	1.18873948810418	33.7701007197441
133	0.67070163539141	1.05913718360112	631.558136561534	0.303783941582803	1.31324140513475	15.4261531212288
1592	0.683653114208419	10.2096765438309	359.519787047956	0.354732056333699	1.1841092381132	81.9733648510223
538	0.793617895501752	5.21835015911495	394.075665554662	0.336984325214358	1.22605387805533	47.0360332186629
147	0.972384095671236	3.568400098452	331.913388869794	0.361660675912777	1.07702899261579	29.8657477056712
66	0.751892715115214	0.896953956629694	331.520058114363	0.3576969137277	1.09877062796381	11.5690391621034
1174	0.94881208993116	11.931673187188	381.496050558533	0.341102089308327	1.22065983851382	104.033015146617
403	0.958336325353789	7.03212354242706	463.412177826152	0.338568902013539	1.25530467642937	56.4381662556118
106	0.9394514191656	2.7884831796151	298.24531951941	0.364391311618202	1.09428477299372	22.9958515429085
75	0.709043756448051	1.25555646005585	307.184812865335	0.339332594221698	1.04763131943256	12.7503314703886
69	0.92218289301768	1.9506160457577	265.151962027235	0.419475067617338	1.00306433084978	16.3423623603884
36	0.882181455386236	1.05771840021959	255.280545492308	0.392400426282779	0.904958044083747	10.21087673484
41	0.854067584234102	1.30430037127485	217.569244781424	0.41064165424027	0.954019099155667	11.3564661053563
45	0.85583665147406	1.46196227203349	135.149802018004	0.426320204537116	0.747349375006871	13.2343837592008
41	0.733354433022882	0.711918737500969	266.382062304954	0.361664087574231	0.963572111328945	9.01685860869601
212	0.870116439311617	3.61799333075526	263.104511558702	0.369035460012442	1.07078520875785	31.4185579008829
1154	0.923667938863987	11.0208683622646	362.703637881033	0.351450838265004	1.18944489636961	92.3813908908437
237	0.84906506045873	3.16910546833434	550.194431143239	0.300840822679147	1.33058410683109	27.4093746239133
125	0.908221516458508	2.63435843652774	524.011229974862	0.311915410014957	1.31067185384118	22.7932733325673
983	0.638364735127388	6.38266439783803	366.360893481824	0.347621618756211	1.21553204342986	58.3644181744633
1054	0.845560273454626	8.82700165984184	478.320357296931	0.331432077762175	1.3000961020788	77.5678954608737
1092	0.916480176362387	10.5673292955658	398.924784690847	0.342176666766519	1.21928179322918	86.4009793595331
76	0.908491710407776	1.66423976299631	276.748992275369	0.330842746509891	1.04884966808762	15.8786218628268
42	0.773388138662757	0.699562481239006	248.874097145837	0.375030451265746	1.01336697913684	9.35321924214975
1210	0.890553095302117	11.8110992431501	403.407786454678	0.343334289934003	1.22333728866132	95.5696686760209
80	0.861414301013151	1.92122182774516	196.964588957003	0.398082585399659	0.920375350728499	17.0134500857789
815	0.964520860685222	11.2622240372248	365.557927216583	0.348388656981783	1.21555518504136	90.2864826547608
4004	0.826713730198644	17.6503920951243	444.390256102023	0.343838154283023	1.27620362484497	154.791204537773
129	0.681885780765507	1.18571764415093	578.902485147852	0.316921471982939	1.32956515678542	15.6035470426121
244	0.777155238303535	3.22737420559191	499.054987429935	0.318837925190866	1.31520666065589	26.0931373890761
48	0.714201155405659	0.813976013400518	278.546451806263	0.390302115366393	1.01873751623126	9.651147855088
295	0.916885983255885	4.8270062515562	360.794635030627	0.335526941174	1.19553402716411	43.9839912044132
59	0.937846268498868	1.61124040686614	236.236525146369	0.35257166376711	0.956723933323736	14.8632487990825
374	0.874417816397196	5.09875918899531	423.488344762295	0.322618554421505	1.24653687126292	43.429408636318
613	0.813937546235097	4.55012975343192	473.397669721388	0.329333413558969	1.29844077855052	48.0482367142487
1483	0.884559926400604	11.4927481424319	399.247880146669	0.345798975273348	1.23670281475819	102.179929373145
47	0.905418136602139	1.274189420265	415.500155389465	0.277565521918463	1.16127953103462	12.1968399390684
91	0.828667736272529	1.29020449270569	462.789973311564	0.332433359630591	1.19801034025582	14.7686619111072
84	0.935531112671501	2.2863861807991	298.62298154156	0.345782935452737	1.06292557688204	19.0161559543728
442	0.858477961321372	5.5974721430642	364.362212993933	0.369280475380693	1.18278036790829	46.8670966347289
67	0.856085015196032	1.20609507227622	354.821572787857	0.352595424408478	0.944295644365266	13.0943761427048
181	0.945905158057377	3.94806273598636	350.527567901029	0.372828290734173	1.11618638535782	31.4944658509067
72	0.8561139743152	1.29901737505042	334.569943506777	0.376993625412743	1.07060682237179	13.9943492789833
178	0.863607978754506	2.73089763349525	405.958662092023	0.360261308842855	1.22809336329818	23.2206367183022
50	0.598582236474274	0.958921363542848	209.705398809177	0.406289882404433	0.982579999858245	9.81078423721877
1490	0.972572704240819	16.0964351799463	505.521019695728	0.330409863603631	1.30470303005957	132.808460385642
148	0.975540462626553	3.93593755964335	346.937329934474	0.344188667935052	1.12513414382447	32.6912856672677
39	0.905023109683691	1.42589928024888	161.246862284425	0.439084572025748	0.805543978189484	12.07186508673
312	0.978738886276611	6.58702584096358	319.898875839386	0.357634464621305	1.12813564183738	53.8847372384839
62	0.93065934113452	1.99109059895427	236.469304943508	0.38976436909298	0.987162769988545	16.242988000015
41	0.909318571486812	1.22151704516844	240.70075671035	0.416876888106835	0.918483483927719	11.5660549542949
58	0.8339531634602	1.07008443304876	297.068003795923	0.391223477849869	0.991551045441208	11.8907754049643
587	0.957140422215994	7.53423855076969	597.222774368806	0.322341254485467	1.36553909245808	63.1519071928531
106	0.724615161713216	1.35081367995748	442.33373938989	0.333752173831935	1.19122800409926	14.9423924246201
239	0.777179703841198	4.0911842183479	317.579641863314	0.373228893332743	1.08283308168921	31.7900564165193
215	0.749444322202124	2.8784407612979	308.756623954784	0.393375797401105	1.13226384598782	25.6762380395894
71	0.779616282188463	0.922871696181906	438.275805758705	0.308118936707172	1.23736866682509	12.1876959443581
179	0.78646140684774	2.75501233157308	373.687369773703	0.334340871817058	1.17736710046351	23.0878035953603
128	0.912468717120957	2.33394207227598	429.02321004076	0.325656331720725	1.22250746589479	21.3521425150585
32	0.917028419624992	1.26357894354416	156.097175219049	0.560867654985302	0.752490095747552	11.0856055759953
129	0.960699795056756	3.43880944940609	283.01372348379	0.372796192125127	1.05919744330737	27.6112904544014
1424	0.906402976035696	12.9828191796599	429.956604515609	0.33650311226002	1.26664531079748	106.064158075167
46	0.885695238676904	1.31544311028763	179.984664009645	0.400015024720907	0.912576494028714	11.9209923377849
52	0.902316160599899	1.77482233153679	127.087473247895	0.531297541885777	0.690855622624287	15.8249324386925
268	0.916240914378323	4.21992626653163	358.696629570552	0.352729073245573	1.15597404402643	35.461099320146
77	0.845030606625037	1.25514436173138	463.746541988618	0.340653550009951	1.0905767069225	13.807335003091
35	0.890312710530675	1.15344668947517	173.337710797532	0.488097492463775	0.792491243354973	10.6070162082355
52	0.754025501007675	0.935180497238238	308.874008084216	0.404313850535431	1.03568458088905	10.6285288750075
98	0.967046955455294	2.90883756260069	218.283255010656	0.385343609215682	0.970968393594339	24.4051196899092
115	0.681406320053932	1.22005887276645	525.073938067323	0.315002473820031	1.27150225774174	14.7002230099212
118	0.516259439913573	1.38857911910039	378.42420196187	0.333876964507217	1.21245513899418	14.5454108614752
150	0.468028297742504	1.96701767363018	401.29479468159	0.350464761880242	1.17225145840517	17.3881965204754
63	0.909407554257355	1.53999975153142	241.153859547789	0.345116164164346	0.989174912190976	14.4816399548983
1188	0.962848853476904	14.3447412239612	461.977936945282	0.332994508252347	1.28713597702444	109.905293784387
51	0.767512856100156	1.12493741589612	238.119852398243	0.36640510239611	0.976529266172986	10.8573861531751
31	0.827023677890439	0.77960187836635	186.597151002821	0.414494313317843	0.881119089427323	8.59550749460037
829	0.92841230675325	8.46157770010575	456.767609937711	0.331582386416634	1.27813125070293	80.900845898404
82	0.918010295911101	1.93870466986606	284.481963642576	0.364920972539174	1.04900828503405	17.1848094748641
184	0.810663788278699	2.19629183122782	602.065197299968	0.31362720658511	1.37530906475743	21.9694612869576
53	0.818096946041783	1.33329793271544	205.72580883455	0.456217275580333	0.948393614267176	12.2991324550421
966	0.947298102259411	9.97066951919731	424.080343848046	0.350241848651199	1.25803447134594	87.3786230038172
112	0.612880329984979	1.80617140148425	463.496552689497	0.336904789128605	1.19871374483074	15.4928226964633
44	0.693708017959407	0.527028150420594	306.629679847919	0.344276796735536	1.02179410843128	8.81722551264968
63	0.836255130425724	1.14481992056003	553.683450815342	0.313256767547425	1.33807106559858	12.4019303383175
122	0.935044616335463	2.81407034354088	243.033417752757	0.376691625618248	1.03013961993775	25.0995157407863
228	0.988579865726554	6.35963621426493	235.386173621465	0.360452039443636	1.0496102096727	51.1639621521502
412	0.97604574188032	8.13036680388627	510.268047609402	0.330459032380989	1.31432807514989	68.756537215568
49	0.890637660931461	1.32426111182678	194.090489657011	0.382060624890514	0.895680882756611	12.5776583047686
36	0.865409737894469	1.03409163810374	213.079896023011	0.403516725165983	0.839274129719398	9.96706789420528
253	0.717383487639367	3.45270678904991	319.42925970387	0.360555849856327	1.14405270406691	28.7090696032814
34	0.931899945466908	1.18971054148279	145.518044556153	0.517842981760507	0.661820183745858	10.9730562417713
604	0.980720322461361	10.4701553459971	558.057621795037	0.317232979410447	1.33577113677992	79.454027138362
66	0.923319808657608	2.14053844048094	213.505675790244	0.417358591170356	0.943472318717425	17.6902958172417
258	0.84563967174996	3.63308031229002	409.006380199819	0.322446866538053	1.21768153868438	30.6143171977923
102	0.848427859045572	2.09277369460086	332.345267610805	0.362115704997001	1.11910592810298	17.9833565799238
47	0.946149770877548	1.62381523074501	181.372935708559	0.461558122689344	0.859742158485582	14.4216234235438
204	0.965551791181565	4.76494677998157	326.87021415038	0.34415452556629	1.10064169972004	38.5013384280091
55	0.731009755556017	1.06964310668469	272.048698074072	0.381393233531642	1.006524931537	11.0992139625038
47	0.666232502321478	1.2979319706152	168.974535794611	0.470273920844597	0.841357588437034	11.088482877908
165	0.928331464224557	3.72282106362997	424.515811373486	0.321819265949285	1.21811777290033	29.1939818143285
50	0.737452642373762	0.579445079744594	353.985669377337	0.330462944845298	1.08838916023591	9.71858660972248
173	0.939422221293097	3.33158045724164	414.647158436729	0.334289403955039	1.20366067149149	28.3798100984861
120	0.795774945830028	1.50560951254699	752.540818451212	0.314781100973052	1.32664019836876	16.6557720276958
69	0.691983642552879	1.36892142447202	316.427611935211	0.373010284253348	1.02050952897831	12.500621790385
88	0.871915124331753	1.63140745236286	482.477164891955	0.325389838275802	1.28844872543808	16.1724057897819
61	0.574008837211276	0.521969286788464	423.345134156738	0.312213740073049	1.14603296797735	9.79482010673178
133	0.948605215150489	2.76423789290142	441.670568671831	0.323694371836208	1.23009951504628	24.5055097930273
111	0.956106868729552	3.11445224347908	338.265244589196	0.306245523157288	1.2223848409106	26.0952790936082
56	0.984808649683697	2.53565063009891	219.732484036646	0.302614311143723	1.00090584698453	20.8690274059942
