s.area	m.eccentricity	s.radius.sd	h.sva.s2	h.idm.s1	h.sen.s1	m.majoraxis
103	0.932746761485082	2.73325075802502	526.659109728357	0.339658809321006	1.07270084307757	23.1615347585773
39	0.933303413243345	1.60944806866931	288.377992417824	0.454395572042631	0.643487907849497	14.1031879877016
47	0.651363193712639	0.755115875488288	599.91803626957	0.335126154088046	1.06448566078415	9.21963497250799
70	0.920953348326833	2.35506002680226	416.870636617418	0.410134421441362	0.870978028801473	22.5302207289559
152	0.987477888993774	4.860908281959	418.829535341968	0.339132347965234	1.02989562952956	40.2603974765618
105	0.97381900296734	3.51052557446768	452.627468154457	0.365332469496108	1.02390852472863	26.3164282974645
49	0.88653761591945	1.24312322169504	425.99115060199	0.344948822743945	0.987073739641274	12.0396314154103
74	0.949610364707822	2.25453605549735	419.229002730351	0.361486766594872	0.92208486502447	19.2804970323144
55	0.885696329908123	1.59903124576494	525.431990322906	0.401663288824863	0.955041371917564	13.5973939616118
358	0.985175036719588	8.82446269966044	538.296255991245	0.363591004727303	1.11840024751039	73.4310578454307
106	0.90903346101605	1.99754216492048	688.121099535461	0.328256593211748	1.17945550329385	18.7819287104486
48	0.912024489907823	1.30023287597461	393.656256621272	0.360434102143469	0.976539130162368	12.4435769737937
75	0.682165704214743	1.23002851133679	622.40105131777	0.352462529486137	1.0805350689643	12.4369084537465
399	0.981284081889908	9.94347804492602	488.131257774935	0.350755619762455	1.10595399080781	80.1990214988503
71	0.839301075419284	1.29882979528908	559.253382739126	0.318719949951439	1.1260708473758	13.5056222256855
46	0.948329864310709	1.52066408759211	334.962803131299	0.390806982469387	0.891020523622569	13.7430956310715
90	0.554171997208513	0.748089902876737	852.755757413445	0.303727950733161	1.3005930911273	11.9583631280366
63	0.931214574206997	2.01442218501349	421.727266481518	0.361040208116852	0.8948985089828	17.1687858191975
45	0.562727966796602	0.606505413734075	458.022743740338	0.342417261473399	1.02410998973159	8.54827182874686
34	0.921805842133659	1.12206302238948	332.330027436024	0.406690668949493	0.840467723358281	10.6442152773922
77	0.901330286044767	1.8317228630107	505.059378186068	0.327370496213292	1.07266226651448	16.5573167101945
57	0.896452924318585	1.36772988223203	412.870894829638	0.390244389683005	0.964613212361655	13.4444672139788
252	0.977093478233242	6.91919965372552	431.598745844136	0.382191558274772	1.00613944326891	53.852826880347
57	0.890526663660873	1.21581384107749	521.840086227259	0.324685023170841	1.0561204330872	12.6835452924488
111	0.946284579017207	3.01444559656416	420.765796145645	0.363620696148965	1.05416378144288	24.3260995209798
189	0.850893679891185	2.99060102671338	465.457208111228	0.342231515758623	1.07019401316917	26.4006287946135
85	0.814286240829826	1.70767546786815	524.477040939169	0.349570444184005	1.09480608032241	14.7626350135739
112	0.850914201983528	2.43684642409578	485.000001834146	0.351107125497853	1.06102550265903	21.3838985674265
33	0.634040406987684	0.398369054632112	479.185283241609	0.349497513611325	0.988722118177182	7.37767467693982
84	0.965624465521531	2.83671246458702	434.352275405033	0.420218997116258	1.00911530992812	23.0379617052482
53	0.960038470562368	1.79595673418354	331.037084656887	0.446835655531308	0.672740653012095	15.6656586391861
169	0.97152392165787	4.57004400955131	541.850442329803	0.360275918847737	1.1665429259211	36.3361021481987
127	0.584105633144537	1.59076531397669	690.478070413512	0.333419536001619	1.26707347533933	15.5726178895074
63	0.747730159537286	1.17119067125491	547.949412374257	0.347281495688382	1.07415755619014	11.9635304410286
66	0.86358858037392	1.71941013164328	498.774070261524	0.355005288943526	1.02075254063967	14.4260958888499
84	0.927251540060304	1.990800096284	538.509433640133	0.340600236182446	1.0765845880791	17.5610470794922
50	0.968611658172046	1.96119175050963	329.002876182362	0.441506332262635	0.73234179768223	16.5367430118143
32	0.912235218733178	1.01857530159806	403.600466899831	0.446959673145631	0.684904083477746	9.94694837119116
50	0.913845292981944	1.35818487317284	441.34170298115	0.392476169827845	0.883977602884362	12.8214215874186
36	0.935969546632599	1.22919954253637	247.45599188538	0.420425281131163	0.853395844293589	11.7325404756851
91	0.939060550439951	2.36130924402647	454.475556287828	0.353744753050762	1.04820318357355	20.3842267978217
74	0.937264379517897	2.01376805378125	425.124434575857	0.374531010689851	1.02949243959016	17.3949782975988
37	0.789560069617691	0.899075915191272	393.42607231738	0.420653923637878	0.957676020788737	9.41197155309038
98	0.96513291616729	2.83166925762569	442.311563833526	0.370444006102322	1.01059321699825	23.4350528411087
58	0.767399006435272	0.858293353219422	628.378965058613	0.309174121675724	1.09881227120095	10.9316548754614
175	0.984065716064469	5.30137051211107	469.093113839583	0.355296440947258	1.07468506387276	42.6907790075132
309	0.99802147911833	11.6127782683683	406.984900470352	0.367273876193682	0.958870107965521	93.0161545075657
122	0.966664813140683	3.67581762801673	373.872372996204	0.406766907202922	0.942385749901538	33.2299721831145
46	0.848267824108214	1.28748182188406	369.370359087483	0.377478187194649	0.901880022997796	11.5427968607983
63	0.954915992110466	2.09284302456611	386.109331851746	0.366577607565515	0.978865448869667	17.6176566042098
204	0.970225835947407	5.13410505381857	418.702803728447	0.347549206921352	1.02885753338365	45.1189913888574
57	0.540731691925795	0.483483114445587	688.625097760636	0.290443557327437	1.1368019264258	9.36573655843664
102	0.981914338582204	3.61781028991412	366.029062653497	0.370414792459134	0.978300285277838	29.4430097730109
38	0.93102635115606	1.49539078545341	292.506335793054	0.419334356981416	0.78211312769704	12.7483393505736
327	0.994575737707021	8.6409492360516	656.252105350631	0.336518389415777	1.19385139635552	69.8604887815745
38	0.770388716727002	0.735192560352008	442.55000939546	0.361795952112085	1.00979799427127	8.92181073695435
175	0.914524871177949	3.56987347402798	500.585300926372	0.341353833278152	1.11905524167034	30.9037579242069
229	0.965839086479914	5.88748495154914	505.247205055901	0.345572096272251	1.13351774984412	47.7764731752964
58	0.969797635491683	2.16954932759823	359.189309239313	0.457785574621274	0.700249923181951	17.9245620565245
77	0.944910000490405	2.20072864650732	553.983400906283	0.331988015988184	1.09696036857611	18.3911349703273
55	0.888481049914065	1.21534511741415	510.780479336731	0.331890074267119	1.01223883922634	12.4227960338404
115	0.965477080947774	3.70948519182231	320.468788140823	0.4311603586863	0.899604295254852	30.9494728779548
55	0.937961564518075	1.55325380165751	378.964044121165	0.383639175511108	0.926682840054737	14.4007504229998
176	0.971260203429353	3.92473348898567	755.794072948322	0.293442268487653	1.26473557455765	32.7933905235246
168	0.961119289532703	4.0261167529776	436.212658228211	0.353864978150097	1.04750433958245	35.3731035619666
74	0.94550277313052	2.20670906248961	465.782230864535	0.368099954635483	0.968910519447943	18.9794237853724
132	0.916065631794756	2.6055596691376	709.657769704899	0.315312582233995	1.2531603144378	22.2977344763666
392	0.981259335180695	9.59244861200118	499.218331709284	0.339493226927495	1.10961314288435	77.9119825259135
414	0.993613057597037	10.5440144423098	660.022863398737	0.323115155005306	1.22870768378186	85.4510516020057
49	0.70314731805586	0.775965837979515	504.399962772695	0.370558355573125	1.09893332582565	9.62673540903523
96	0.781697060099024	1.63194899291194	513.835788161785	0.396610512520324	1.09842014170335	15.6083097187982
107	0.949881330014864	3.94112029986264	294.553836408988	0.529322241477325	0.781938892145931	36.4895937864259
43	0.739453922837972	0.610097500474451	492.258038419779	0.365444936383244	1.05154329267299	9.09646313924608
80	0.914881558251884	2.1213392893932	664.298771707091	0.339325337414787	1.12490670119107	17.5584039125577
45	0.922911325026768	1.3700070522465	318.662974208851	0.392301577595695	0.867706685927322	12.5377100579815
61	0.467014061927735	0.538833891085985	627.143392553315	0.306066086584172	1.21486307819667	9.57592091673718
51	0.899301433192387	1.6000557386891	289.353528344978	0.380744675373158	0.817911631465257	13.8400904555826
55	0.931308239490287	2.01425741726297	488.176945283646	0.427057926470315	0.901667043552891	16.3509089371423
35	0.340121691519382	0.60064397481466	427.437932928023	0.381417308143277	0.960325918239615	7.21977822190285
126	0.941433496134787	3.52974079815237	389.122009377433	0.425312099114108	0.914445869562834	29.0146409731118
170	0.985186234125183	5.68590396368255	445.02074922524	0.381760852502232	1.01516195518188	51.0087936934285
62	0.856145268562956	1.30239999656301	467.840002034572	0.334352820780367	1.05926211594212	13.0319692492756
39	0.865296298811515	1.07473933588808	382.716332706575	0.378107602062977	0.875358354697677	10.58531274504
107	0.975737985315737	3.96576867338062	335.494081698316	0.437436296064206	0.874354371719185	33.9303093686428
34	0.831486237821555	0.889342983371094	375.800706305541	0.402961281643634	0.805195321766758	9.12288720446132
77	0.982428434451562	3.14140824445568	333.235743487503	0.438459706178501	0.863392074708853	24.9790635756227
45	0.535921393528624	0.336855784959306	525.875738954607	0.317416291415574	1.10176359377709	8.23650411278762
214	0.967243803063181	4.84723745803778	461.368888576332	0.345354043519395	1.08607667763805	40.55211315547
65	0.934270921712945	2.07158306488717	359.511197916358	0.396367738779504	0.923292071807853	17.2944514801763
164	0.875906793085697	2.84121674925299	652.870028258025	0.305093691287687	1.24013126300001	24.5273981713912
57	0.738690652327602	0.772494036910685	510.295304433182	0.325452074988286	1.09945600636406	10.5586656298494
56	0.978814178947873	2.51369502286581	288.648935514424	0.4595610995611	0.751087416339361	19.8965642909424
84	0.888881212570593	1.54333954179969	650.176406446507	0.33547500375334	1.1883150856522	15.6641707510314
153	0.908778584861507	2.76206160956488	653.076885502272	0.307776919514441	1.23117454437221	24.411506212096
51	0.961715291511756	1.88289690766865	268.879492630795	0.403917981329746	0.8198248794622	16.3359316725706
178	0.956569772118646	4.05741279111741	669.515457648593	0.350483813427046	1.18827249995268	32.7193926234251
34	0.654041264900404	0.469338192012087	448.000615291365	0.348553915354489	0.984826005525407	7.63399772664284
149	0.474603717293849	2.08179156960274	494.077766905494	0.349009502710168	1.1211092447297	17.6074938413082
47	0.879665847392669	1.09451306311248	441.793047557325	0.368251249792549	1.01523893638259	11.2982449605669
81	0.859512096865074	1.4207668635895	631.569865049899	0.300491044540168	1.21802158619596	14.5894320355463
85	0.888450548829331	1.91874035074716	468.892366903335	0.349889969366349	1.06156654240674	17.0605543668282
397	0.974595960238401	7.82892712442058	610.977193142246	0.327312079147205	1.21962549105976	65.0461092376653
114	0.960016580865136	3.04755981523123	482.097546884271	0.332965813960658	1.07474946239958	25.899701894071
41	0.891604272962503	1.33959638551885	301.037688278304	0.382085849562177	0.872607679888405	11.8172440685472
62	0.935747082516337	1.71394368551492	400.511951203165	0.395006536453385	0.97003768494251	15.3557749171711
81	0.980509722646809	3.01838511864561	394.444700176619	0.356431434034189	0.918557727540486	24.2330186317211
105	0.965398250938474	3.07728396544569	610.223179395246	0.359970358122101	1.13121101842059	24.4773107376259
101	0.969799939103196	2.83282461029972	427.055164971086	0.409351472158815	1.01120092446093	24.1787056136969
102	0.762270321879465	2.04723392278837	459.495584290618	0.342359496597416	1.08738339741062	17.097862668249
135	0.988502883650948	4.39203498724328	419.406862443244	0.366241552471817	0.980276762635441	35.7196229958458
88	0.550882457566379	1.75915744826404	446.376506367057	0.357895140146216	1.08206540292141	14.0606098369948
88	0.884647346284526	2.34852100251289	340.941311335231	0.369335500561553	0.959130219455407	20.7612214252047
104	0.929191623814369	2.70374700274247	456.059401265617	0.363334801127752	1.04698903101514	23.4543271757991
43	0.873952072075316	1.10562061655945	387.353353279255	0.3106055600458	0.974775454205552	10.9955539794517
67	0.730644510466202	0.691457203287455	663.942790606031	0.300285305931899	1.22294352004062	11.2420695505821
41	0.814369054047959	0.907282848801721	432.911652729768	0.39389211184833	0.906729879366914	9.84327394620968
33	0.952731198882692	1.41402500860508	244.27634327718	0.475214113544284	0.670223744959819	12.1748952481884
80	0.835410337406649	1.99405861399027	434.384772931429	0.395645342295876	0.975681936738041	16.7063276505303
45	0.688882459888375	0.529100529978069	529.273549606337	0.315755155459382	1.10924299780908	8.92424452422406
86	0.663836296396601	1.89247302423289	390.171304164358	0.406859035825009	0.987416517843899	15.9872549415968
38	0.904445625486404	1.19590228343369	359.571090800738	0.379815649550163	0.796978777410385	10.9904098754766
37	0.950555627561179	1.75797288570427	287.855599205714	0.512347641759406	0.633986790925615	15.0849417282717
41	0.890025124486142	1.21864187903669	367.625483789247	0.382598204299573	0.916373281157801	11.0973781522172
150	0.934206587656311	3.17444310660877	651.05508291373	0.332907780381781	1.20473686026839	26.8543916177801
41	0.691558731476993	0.493680299662509	540.971171967135	0.323361837903228	0.98137810950896	8.47523146128695
67	0.877752826580401	2.12393582498294	242.037086539481	0.538519924098672	0.657127593307481	21.0965553583911
31	0.898023331741896	1.01515288646261	327.005221047894	0.423260694219055	0.803737804807165	9.75656074585877
43	0.825871534137414	0.870914275666003	514.658360809888	0.327364831586764	0.958954823676489	9.94918267965566
52	0.812857879523853	0.824149803152998	590.89963046982	0.302566006078919	1.10180116840177	10.6956371904254
173	0.985458212353192	4.95797777938848	471.845746044	0.340717681174906	1.04474344681499	40.5275275435474
93	0.716920971765724	1.70649888216829	521.775050219592	0.334992975145697	1.09089075866645	14.9536174410586
40	0.938233986434483	1.32140188373695	335.689032077535	0.391962534799905	0.86773141320785	12.2344055851069
47	0.800600807454962	0.926709822710496	463.566685068326	0.396199546117983	0.998199570417354	10.4403286469281
276	0.939172034224024	6.72273697562603	436.201710312197	0.3777275870926	1.01261603889396	51.62147251232
446	0.994439147431643	11.2221967023561	517.613256396507	0.347568744169528	1.10397736249658	91.1914331260666
138	0.747268822125053	1.74412553476589	789.22172394078	0.329860373183322	1.2488633033121	18.0386994105285
97	0.985033663909112	3.90147355054319	384.122204115658	0.433409608817617	0.971481879236704	33.5127289833009
53	0.862490121845139	1.09421457545499	459.246359419397	0.376049850050299	0.98799991561921	11.8708742661544
37	0.832850396969731	0.88373201138845	410.736169185297	0.399543492007624	0.917879900330958	9.44724143758209
89	0.935864274130735	2.40292699576832	464.867190042725	0.343657434623112	1.04359071416764	20.5898603669599
133	0.831196616678409	2.19717150610168	550.725290896889	0.322553680256693	1.13065672466072	19.9307146290572
101	0.963958679336513	2.68768251461896	510.246027196464	0.338957696225989	1.09420518144408	22.748083628777
34	0.896902426182511	1.0491430225037	341.183139719686	0.394639469093251	0.846284339268173	10.4323299854522
43	0.940815806728406	1.71699748482358	328.841339599164	0.444224609538354	0.824466353906003	13.9922402526738
36	0.848221653479244	0.863031986311012	378.244095220123	0.344349409831094	0.940047975106289	9.41338206905571
43	0.733760347046863	0.836490276274527	432.521894699532	0.393913841403081	0.970922683235433	9.41557428071232
36	0.744577855244717	0.63956709100908	458.934471548936	0.351618884508411	0.99174896703188	8.41719171504721
38	0.775724340779749	0.647208025366265	415.337799219535	0.354258608442473	0.995048821512301	8.77324795336623
60	0.893229550086673	1.5667295012625	436.99462946984	0.36059420485448	0.978550797617499	14.3123003120157
55	0.647764540236542	0.661059664418059	563.362517979289	0.296984880926331	1.15357571277419	9.78423837211585
44	0.941279355225153	1.54705164430526	298.631009368854	0.379825242479141	0.688898634103739	13.592266592626
129	0.981051349135987	3.96760279887996	532.275210529676	0.343496853153275	1.08940689045004	31.7489068094382
80	0.939383408841082	2.3536063974403	483.283560160696	0.3722155681164	1.01488172599556	20.1571256171603
69	0.860178072081542	1.6803263599001	433.727422573259	0.394183902827623	0.938196426244957	15.1056631244664
58	0.968618688525814	2.12991211814522	272.738129282392	0.440605749831756	0.817841450179269	18.2874581698923
142	0.971572703944626	4.11656595232145	508.388645507194	0.335997251116554	1.1019204915455	34.4042895173731
48	0.950126868063494	1.70838629924855	332.584392081788	0.450220809044338	0.742833512091597	14.8432389355542
51	0.964318720611272	2.05279009007376	361.056398712203	0.43335805228029	0.864160289968448	17.1126701339389
105	0.937495335981431	2.73196277781619	484.771096254523	0.348651958925571	1.12078594132261	22.8563245379025
117	0.97155996003291	3.46748657686502	513.928424625673	0.318621673895546	1.11926288991196	28.6830521342552
98	0.820062103376848	1.93257256096476	563.025059992429	0.347349631073467	1.06603925907841	16.8749624399598
32	0.887420437898205	0.906801062882031	347.641833320779	0.507045969624192	0.617361381954301	9.39063805454615
50	0.755056762714244	0.939972638095588	520.466582181289	0.359344687959631	1.01347518612283	10.4514894643292
63	0.931871514901881	1.9459010202986	272.226624241532	0.43243717620367	0.775167888985754	17.1820078085229
389	0.990745914272256	9.34586779100469	558.050311151413	0.328150824002091	1.1787289693336	78.5420724991908
52	0.935908281470382	1.61753294019145	417.985945209579	0.381765560450639	0.961735969754281	14.0886655849526
31	0.699936627412031	0.62786674526743	458.799946083566	0.352150024843988	0.927807831693496	7.70745254800362
84	0.938224352729396	2.85101951357102	368.71328130938	0.413426917071106	0.882868568108734	22.7165056005113
31	0.570424246077551	0.389472868469202	405.809336784521	0.35623476660871	0.994402555825878	6.9683263781489
34	0.662414641113926	0.789351635715724	432.903682930952	0.400530168795879	0.908918314136605	8.17212187520622
99	0.977561880776395	3.18212724574352	449.919225292178	0.335075142957708	0.980403901674607	25.5731085898389
227	0.773913552050351	3.78023386827378	443.692486737805	0.365699495994038	1.07704042629438	35.0058441074199
115	0.956176903248157	2.9163401640728	564.150238178846	0.306061316631084	1.17502060305299	24.3193977179419
32	0.555149983102006	0.402205321010864	445.636845830461	0.359741062165296	0.993169468220004	7.05093323026294
46	0.916302100819102	1.64058614241272	316.909960612453	0.43157700642923	0.84263579634067	13.6267420794261
93	0.938178234659262	2.4314173226313	577.021830337428	0.34111631029852	1.125443967237	20.2333267020096
86	0.912212821178752	2.02910399557369	497.330179832749	0.3542170789414	1.12244437117309	17.6979262714138
41	0.85917991815213	0.930995567775911	428.00312028872	0.357115777230555	0.953159931772092	10.1612976490136
37	0.813108243706765	0.734543544956758	446.98942215291	0.33299275355607	0.970860140345577	8.96841303869637
47	0.777374517914501	1.26514810617467	469.221262885688	0.40187641466421	0.958716213528143	11.0443132677572
43	0.857853371182193	1.10726647696446	308.444127245786	0.368289798342993	0.947802103622546	11.036712876478
43	0.908349112780157	1.46208022190246	352.047068423053	0.415653975785741	0.824937189112082	12.7234409539791
97	0.89385814518363	1.85841701407394	654.970334789167	0.296113124860136	1.2321670350129	17.2825352197228
36	0.638860987883272	0.421935903320676	439.372639922112	0.329902393825772	0.93507840976375	7.7171661015163
79	0.939673719685548	1.90475229423253	517.585727982298	0.333141537130397	1.07885131996907	17.4353114299293
78	0.717420234647283	1.10311281332687	602.256262643937	0.330168932502294	1.16415298818634	12.6405586115339
40	0.487379319442099	0.649242510286756	354.910165118093	0.34199869018703	0.965787928045339	8.08334325213863
40	0.950315191615139	1.44598040323841	277.057273606772	0.392920522332287	0.689140069689734	12.9058184132764
57	0.620682584218004	0.434865966606174	666.178970794017	0.307540357218811	1.16168790587714	9.64265294490177
31	0.864353966753069	0.727231092936268	378.772599063543	0.396331474762847	0.934214771251309	8.82751414349272
73	0.95863104394218	2.63402773408292	282.947171646195	0.388691874103639	0.812963134623389	21.9522332522715
61	0.978281989470193	2.50092760043069	478.805792833904	0.366437527262214	0.756232443954797	20.4414446910127
57	0.805529434279464	0.881610951569783	563.57003822283	0.343465187647985	1.08014250982404	11.3113932877578
38	0.921376669162146	1.205730050246	264.930587103451	0.399791416707156	0.802017690345019	11.4439443463982
32	0.534488372441778	0.266839907189286	494.584583840562	0.338249666886683	1.00077429949815	6.91015820099883
123	0.920547720568253	2.73992525058033	575.977522627873	0.317106594856011	1.14123695042808	23.835339975103
112	0.963002521233621	3.41726087864252	379.087380182329	0.359274759193267	0.927634892243617	29.7416751556766
51	0.927225457211658	1.47542772086807	324.035997661361	0.355755047812622	0.940839239188896	13.6074111162682
34	0.644740454997083	0.456099038155191	441.907951316386	0.319412373882631	1.02367805497255	7.54544552317292
92	0.981742787912208	3.22752538894208	364.021999291604	0.40042395864932	0.940208840353125	25.8713982320881
176	0.73910281776333	2.87809766366532	403.934390997533	0.350783423709714	1.03779865058343	24.4715807964912
94	0.920372357680484	2.21988520090608	460.081120743178	0.35840844368727	1.04053400016436	19.3306015847612
51	0.977659770280456	2.18838342851635	274.435851407319	0.451132213294376	0.692642982647904	18.4101183414773
161	0.98688717123686	4.93424585134196	458.566675669365	0.347706084479903	1.04362699383232	40.2631420377353
104	0.977540194515266	3.27697006813888	415.780794887964	0.367303693787408	0.974033555196163	26.4125528427225
31	0.968693946608923	1.47156013525734	196	0.398167915814975	0.583385945991046	12.6029767699938
47	0.89288277397657	1.36059229911509	449.409213247188	0.362655818724685	0.980432242380317	12.356022621548
60	0.805708119326002	1.292538411224	510.286652272317	0.338240282630527	0.995037504803115	12.2956201696977
64	0.885321988031488	1.72488805101548	404.220721582283	0.368928093460079	0.961189233879124	15.0011340877906
36	0.884085175998593	1.03388926756242	388.36598110943	0.375070548243446	0.840851955377978	10.2180176000463
46	0.829280268392826	0.856555463212142	419.152996288488	0.356717569572663	1.01302053036088	10.4215113571754
43	0.930357494630423	1.35996373816683	328.831106093731	0.405622035540588	0.840182831990151	12.3452384312133
86	0.989929867502519	3.66499999692726	283.655172770607	0.401040513322615	0.791947455325869	29.2306774229484
122	0.865916332419996	1.76727966856691	898.656564462683	0.284788005344235	1.31459976957252	18.3279092158177
59	0.767215168288731	1.14936902256873	434.422789159116	0.346671300250578	1.06166146668491	11.8105477792747
35	0.844051055235663	1.03690897469814	353.370775887565	0.402391932854526	0.869120188599599	9.68775208070486
50	0.931545486314513	1.59188749979481	315.059424880927	0.383500028964425	0.860015892229533	13.9481565889235
87	0.97791113521896	3.14333948499818	410.3151508098	0.395134433448718	0.865306239656745	25.7650901975653
47	0.849163032406951	0.910320315692746	445.688629466352	0.357656441411309	0.997744446141202	10.690565057079
48	0.916054583161006	1.73933274842805	298.747946369408	0.470930020244474	0.814658651076409	14.6202368660266
149	0.841565974113468	2.44441262254027	664.332190932262	0.343703028743279	1.24721788119489	21.3171867045445
171	0.904540695792401	3.11377921900405	590.149642173228	0.358519603155138	1.12631651367169	30.5460466899821
42	0.913519924162953	1.28231996412404	392.724079340532	0.449760439172204	0.8505579681345	11.7965208242071
31	0.828783387972501	0.721026083809262	358.880711990967	0.430095241678952	0.864797674761596	8.41733482821465
431	0.990521454607892	10.8844965123072	599.527798476542	0.319912795374079	1.17945554712659	89.6772921424406
55	0.801542561347574	0.931733360117254	580.576211121082	0.321945319324888	1.01540438894309	11.0379037049912
56	0.808970780303608	1.06183986711408	512.774587773335	0.328651502791913	1.10339978497722	11.4511934020228
231	0.975354485565474	5.91031698847179	531.028840073579	0.339069678504274	1.12091954651724	47.6578745636321
87	0.972323408602516	2.86287919723985	422.167291100557	0.342643435502943	0.966114305221355	23.6462717288244
270	0.583806185694361	4.08171456224092	511.515939472932	0.360968374865296	1.10142835426411	35.467099747809
87	0.961100973142055	2.61035491569053	400.034238055494	0.4019942254764	0.982180310588196	22.0080057922897
108	0.971956305982153	3.50173729923828	410.130039117228	0.352055476165632	1.02013731976289	28.0815060533827
127	0.95919782299938	3.74843169411735	500.312698215301	0.375887830006502	1.05976023059888	29.3467350274516
172	0.96832103255935	4.46706843007243	486.018000535974	0.347289479142168	1.0743768742823	37.2428608267182
62	0.731721203353916	1.10987008721528	549.136754674534	0.322510248932359	1.12007962424455	11.4556385412362
37	0.90774778895654	1.08006438675965	354.946139799231	0.375531279531279	0.833951391902836	10.6179049220768
50	0.852959429377859	1.37583210710099	376.868551382196	0.394683650717932	0.875033993398166	12.1614639770518
53	0.737148443858836	0.748469787629397	532.870821966608	0.306539632018913	1.11211581191978	10.1516216947893
196	0.994462285155245	6.46008885931877	430.211038771434	0.37930378551674	0.973301465258257	51.436854450274
195	0.991104515235112	6.16522016197258	504.175718815041	0.334787560477303	1.02715282127681	50.1987095977081
48	0.969033277217998	1.97536012863128	315.478412780247	0.484432478850684	0.679553743032119	16.6383706223948
156	0.967026902532135	5.25574728174631	456.13375570975	0.368552441796537	0.896209629073592	41.3800323354435
71	0.951832297323866	2.03079895322273	442.232601369196	0.366387395128428	0.909051502044808	17.7134522544347
277	0.991113157906222	7.57817437761103	445.403869172745	0.362065162748454	1.03933092339684	62.1151742864183
118	0.856350663988773	1.95871380051952	721.433922916025	0.298612616963444	1.25628143204589	18.493159363396
63	0.842494502669583	1.23828270978613	486.275629024646	0.389696634058183	1.08694759216984	12.9073024381105
156	0.977798854497199	4.73288409398195	481.996822214762	0.387500099375484	1.06433497364774	36.5187327336551
131	0.981188041166027	4.05331982165228	547.354532006994	0.362704068847119	1.08655839886325	33.4118968013422
168	0.934127017238681	3.66615377253545	618.457088562887	0.381762680101868	1.12732813212051	30.7152801211056
90	0.715575207219417	1.62533304854487	471.579486815344	0.372577953058432	1.08793006265649	15.0209583553235
203	0.990407170461498	6.1936682590636	555.85851685119	0.337934609444539	1.13946666831405	53.3379004644936
46	0.947960352487997	1.90511515205536	331.151865044469	0.512290163466634	0.841580891814593	15.4040436484313
64	0.298707850686722	0.901796508650534	586.029738148565	0.34261030943367	1.13409671940927	9.84757799353846
65	0.869189725592399	1.1514443310423	625.720935193566	0.350436030634036	1.12999955298953	13.094204544957
156	0.969696960509892	3.78838915507793	576.777512252302	0.31181472451847	1.1662737896553	30.6621406564103
124	0.985313877299622	3.97029497780781	412.070329943651	0.362971730850125	0.949730413650918	32.2166547983411
75	0.924100754574301	2.50336261389211	296.605248952414	0.450947668162995	0.826113829387797	20.156523919514
60	0.921077203071901	1.74287996615027	390.612301283161	0.369078176296208	0.967973734660504	15.3501211988021
153	0.958891686509384	3.50157737686154	800.101829369765	0.306510482359246	1.24933277056547	29.3069068479793
211	0.985599627727389	5.92492877141456	501.124288835263	0.348702257469816	1.07408067566795	48.0424947384616
93	0.956911407252585	2.53496135378154	464.905927736774	0.342620632142715	0.991601888670877	21.891426708897
72	0.753824842735295	0.919104503452601	669.679567229423	0.320593180604106	1.22000132502881	12.1339264655316
319	0.984741167793627	7.572177900043	551.609168808483	0.342421753832219	1.14213573565537	63.5743175394799
40	0.662423723843976	0.523329616597928	466.548436048421	0.339075180175209	1.05136271838133	8.2957269762987
64	0.582346225720278	0.774999343218588	699.024090416914	0.332714321880313	1.16402917996898	10.3369579408603
88	0.941500840488393	2.5376971298105	402.917004071505	0.368026942938296	0.95994158574751	21.0857843996158
162	0.895869369589382	2.72086087201063	540.452773806359	0.362979332296483	1.10414722952992	25.7348808336516
206	0.992204122387637	6.23155292034846	486.736215787333	0.321073169307093	1.04344864958067	50.7882309644005
87	0.963121684290059	2.58759290415105	463.276653980713	0.369113808558634	0.982672819877042	21.6240402077594
196	0.976934768221286	4.81036688029839	711.468832030466	0.301507798132788	1.23490809797304	38.8182805228735
97	0.980636908349634	3.20277371974658	440.809227216418	0.366368164226211	0.936746021060979	25.9929433115253
93	0.922332085547034	2.25477881859114	583.049521696681	0.36733978085379	1.02754911424553	20.3490490254656
74	0.954476620654465	2.16289223735335	392.903260171521	0.351638329853588	0.973651201899165	18.4898389358357
36	0.810785422148895	0.701531344931958	384.041203050898	0.36532048602063	0.972179927090878	8.86930948419072
42	0.923185223526694	1.34244123735754	413.402835851964	0.370919710919711	0.877656886289155	12.2110764138761
111	0.981101452810622	3.65474704957908	423.952853867329	0.402915381540029	0.982218960848237	29.0410727601056
40	0.908471631805324	1.14860669394406	349.392125326201	0.401909624556683	0.870768086616077	11.1140935854517
45	0.741126200761524	0.670869013091487	428.840927592965	0.346656438930369	1.0004062596377	9.35247722863926
48	0.589906912511478	0.563733667155458	664.419356376587	0.328759110779534	1.09641426256095	8.86706080621168
90	0.862395825846734	1.75132728038243	590.478844839804	0.300079773365283	1.13345692390594	16.0580209662257
321	0.97037552189847	8.26932758506655	545.187155893739	0.352258530483854	1.14906790731103	69.3261110806799
32	0.810671473132776	1.15131945103222	318.236670588686	0.49470397683804	0.697191365997901	10.10936520603
58	0.778612647137255	1.11693808974896	468.406217666666	0.351321381887544	1.02722433901554	11.5842114924526
44	0.80106283965173	0.913067414695322	439.110680949741	0.340892546447783	1.0025553461348	10.1331504387022
43	0.682593325725901	0.881891125402805	454.707686783904	0.385027020970377	0.929560055472792	9.3812260411073
113	0.913047222656872	2.84047153324222	457.619844864508	0.379289357351412	1.06933553674556	24.4797698164083
56	0.87369154684133	1.22291413530638	449.214879760091	0.330844968938493	1.04415745651589	12.4389883619684
71	0.957695392673625	2.02267095697648	437.891476490757	0.382909177801574	0.912989190904802	17.8424508740988
43	0.785665508930518	0.933465258609798	364.688372667678	0.41809008244192	0.950075189782392	10.097412293321
57	0.811380908310969	1.4697170984052	303.589693824445	0.369522491349481	0.874369364736825	13.7523510196274
32	0.899746321226502	0.940459104338542	367.092506404828	0.474356459087373	0.666603957646201	9.58385437972056
87	0.933185447669362	1.94283034363264	603.758879172701	0.321762601036412	1.06294527695125	17.8687019416668
183	0.990406631593203	5.84905124896747	444.377567628441	0.342261758105836	1.05255402902736	46.1785216472644
35	0.900314626599227	0.999643531358966	348.653112331392	0.409717942894413	0.856720607181033	10.1835650003765
32	0.902795519854787	0.940918329214869	345.201908981158	0.390061069059818	0.883933015334567	9.71117711624163
119	0.9026382055467	3.04740043585682	379.189600726057	0.395111269942244	1.0042710310652	24.3951604153361
39	0.594762762855264	0.64115236220064	498.799667314248	0.370718893868527	0.901461837795933	8.1315763344203
31	0.638362529821353	0.485155899883609	461.205259810353	0.351838791238986	0.909962562770347	7.2170772652968
198	0.92471441697179	3.68065179463212	615.57075412948	0.343585282646729	1.22505458921753	30.907043706667
31	0.731559141421744	0.466358105263926	427.866016486632	0.333124377924674	0.979719738198444	7.5986745106491
46	0.963107631898771	1.77777441815408	226.304268425127	0.378182888771124	0.638224020433776	15.1640195436084
120	0.78638322608265	2.15906433980292	525.424841256304	0.363299867416297	1.08759477909914	19.1408659456702
92	0.956169034394371	2.45629199423282	455.635367048202	0.35819892973408	1.07192158664584	20.6806382419595
74	0.948978706956411	2.34015970885777	355.570390489286	0.459329773691007	0.88533134632269	19.5760583497858
100	0.746805343984916	1.29485009496446	801.035751994733	0.315356248112912	1.29593925940389	14.5515567723113
34	0.780763713356816	0.607334789615259	362.850175461257	0.325936800085927	0.941536826788373	8.31947759109792
59	0.548684040141126	0.799514917917142	578.031688815181	0.333306711097242	1.14595819534817	10.065434535463
67	0.97058977758999	2.41058164784969	295.36696056725	0.386889936997119	0.889751715141496	20.4922980920666
51	0.958851514805831	1.98358713005593	307.82227865239	0.369532399795945	0.807693495630568	16.893621276282
58	0.985550359210938	2.6930283121676	351.010885515186	0.458233570210891	0.679333002083419	22.5852361160392
51	0.959397816408593	2.1798080958344	351.261327250608	0.470856983125891	0.765281859354658	17.3490093925731
81	0.748536070921652	1.02246162831882	850.069960148502	0.2976996340784	1.22461960578731	12.8233153616917
67	0.971614061165433	2.46018110864193	410.015132623444	0.36673222538612	0.842184374843568	20.1211631274908
214	0.940534121231336	5.37240635061808	445.54136366654	0.379264360632522	1.01320723584473	43.8323398648559
93	0.977560829670758	2.96334122327228	383.43077072517	0.36234367680333	0.995414150199544	24.4706631753713
57	0.947123044178271	1.69365716294439	421.760102392979	0.321035031687622	0.893759246382742	15.4964496389988
39	0.809895081571532	0.858815181968484	345.675006179706	0.341558855708115	0.917833507378463	9.49369500771875
32	0.84839292777249	0.758450557473201	476.175763559859	0.346852456600617	0.876517775509647	8.83251718644292
158	0.952402094900009	3.74293256203415	768.607938590218	0.351192479694827	1.22901133872911	29.4038287887762
36	0.855585407973161	0.878941714048889	379.889657676125	0.388500065189214	0.939977224945554	9.61906252835553
53	0.966945551839558	2.02818872678503	330.053678751047	0.466226695154031	0.844582020149955	17.4093517745666
203	0.996619694128875	7.73756132463098	296.068398781386	0.397345599437367	0.829159876224947	62.5109791102595
58	0.877310581457855	1.45957914658657	417.687351274794	0.366499186894092	0.990770296091576	13.4759654364376
140	0.899717622583283	3.00163854997807	604.14632004524	0.323676663283381	1.16046675420039	25.2196666176369
65	0.95125972023765	2.07557339779641	392.387992582313	0.377182093994852	0.921156625676831	17.9802902949683
78	0.922565207207542	2.04056193210452	395.269898390405	0.388539310547919	0.984853380531125	17.9329608547885
59	0.960131714133643	2.09449237375072	355.719570573231	0.430911720638963	0.841518210544213	17.3881482912384
44	0.940335648406762	1.50922203442371	369.516876821049	0.447281775336074	0.879067813257321	13.0995113134541
63	0.707194316193561	0.914033842753251	584.155798829883	0.338088442686366	1.07220785135036	11.1065494235357
91	0.803775140052234	1.19368711749002	724.870206299737	0.289649597419195	1.2978930072084	14.2452755991752
55	0.640972768356291	0.97232126461368	534.861504738139	0.381870506019819	1.01396224621434	10.4729345656886
77	0.71068031602443	0.685639758445073	832.30496585926	0.256927388949569	1.26662679052705	11.8319093039878
40	0.621352726850306	0.488758197353355	488.410969214993	0.340167629251589	1.06531269379317	8.13704048981571
81	0.942445951341799	2.37155332840587	397.741323909168	0.357024300948204	0.99434665586176	20.022345319995
78	0.846241994134325	1.1795950387715	873.712571781795	0.303974663824266	1.153950474404	13.7112841418231
94	0.926203388634776	2.51428367518714	528.299057863057	0.3641144128949	1.09955611544151	20.7919554466071
111	0.976743490988883	3.88778445893428	398.495742902139	0.391550035451293	0.933226669013196	31.8606644844363
110	0.970218119112661	3.33649084581581	383.533131849592	0.364241212444359	0.984749411923399	27.2934725443005
201	0.978194376559338	5.21881834159306	613.738739087956	0.329926126967885	1.19672492611778	41.5152235332797
56	0.816295878279523	1.08740838371298	239.130079070092	0.487564029495217	0.770193321583133	13.0521019140901
159	0.949330249745913	3.70970400525326	652.960705420283	0.328326908383149	1.23768556843924	30.6737801134406
157	0.935335844237819	3.3929553809326	633.540886238534	0.316929518159791	1.18852812790701	27.7028212080412
59	0.726899768533581	0.672419863324315	664.223731429787	0.286514071541837	1.16710000056445	10.5210110949662
78	0.9740830044119	2.87276718815672	310.274246718892	0.429005039830034	0.912580387120184	22.8722324013482
92	0.842792785541833	2.13324574203131	368.33257998007	0.397161708413837	0.88897582550445	18.7129474277214
53	0.739475543898079	0.847660835146434	541.739968706579	0.341459428929764	1.08482268224123	10.2992350607852
53	0.93709495428938	1.89108961282567	346.982069106321	0.411585907852366	0.93305270452509	15.4431418993145
57	0.771060927163019	0.801111640717783	564.058820959204	0.317887749579784	1.14867323615349	10.8374502284273
42	0.921434219671617	1.20731515974033	373.562050695588	0.412419581831347	0.909559751759352	11.9583492084832
38	0.932470517017081	1.23782592494847	300.027980740363	0.468880228484601	0.672528497006418	11.5237804555801
81	0.977469656592821	3.02855852953119	314.492188453735	0.407347707853388	0.89572542676878	24.4178971681748
85	0.967312910875847	2.88651427265102	491.422963400515	0.364414199292248	1.03645022117566	23.8412562554277
53	0.889650918514285	1.23250068063818	376.720619703785	0.388585202267593	0.981281523806016	12.6059331563539
33	0.256887184034298	0.356817264251932	400.489907268638	0.330112705178415	0.991559568073848	6.64019006884999
53	0.905763388928505	1.96147116857441	273.8934293499	0.521859006468192	0.558410400444051	17.7971370348502
157	0.939068662837448	3.18753268595152	710.612481187517	0.313341471331353	1.24410839932711	26.8669811636087
94	0.777250271637417	1.2447759328224	773.235220948457	0.290962638211098	1.25912425595898	14.3938812541996
68	0.897737900439667	1.60844069100329	422.045852374959	0.37434808732887	1.03023511780228	14.9270692151003
36	0.900815990161433	1.2837752920868	387.272136651393	0.494641260139222	0.798006237664353	11.3852404712529
35	0.854468081103093	1.28472195101982	244.000810594932	0.492688002435902	0.811644867130894	10.7070391253742
59	0.952965300950032	1.82725355456506	392.172137785935	0.432538721429932	0.830307799138091	15.9052546870601
152	0.860071159733685	3.24892661400315	391.56363167835	0.365930959486744	0.987237142011965	27.4345553088828
76	0.363771401355927	0.641176417985662	787.972193222192	0.311062838876529	1.23370678933064	10.4739947400712
41	0.115481022060061	0.627547423015929	542.079239051934	0.360987627760196	0.943325730086393	7.52782590906513
59	0.906984239993121	1.5362630728619	438.584085231481	0.367378864957427	1.00990887980085	13.838998043263
56	0.920607977361267	1.54925769126246	381.721508224909	0.325159628638618	0.968859161925685	14.1442870674972
239	0.968314142684703	6.05936338156322	422.503725606795	0.391338882347406	1.02550889793147	47.160480195413
269	0.950753944741279	4.95382209797198	548.315655202441	0.341810491516627	1.13057086183413	44.7599461847075
44	0.895398803505236	1.47327162686373	302.062358198998	0.425045439953528	0.851197078880503	12.7243148343992
121	0.978727217055028	3.77337519965612	371.271330493518	0.389350270298767	0.990696156739642	32.1507826726814
92	0.95576360531373	3.01344046502242	480.884934885642	0.366068391396584	1.07754151539704	24.5201295063897
49	0.925755139848083	1.38853573676158	366.303176728191	0.385208240025337	0.881342241970653	13.0321277329374
111	0.848121130411002	1.76198376078603	814.99885606603	0.3001007636268	1.22805969922163	17.3720209401633
133	0.941694150252348	3.24852240353151	440.403878175104	0.345552844883466	1.06063101471757	27.3890918775177
46	0.826449355573796	0.848005962867818	492.294783883528	0.3169616869323	1.02925312272849	10.2082346259794
31	0.821548157082241	0.690439015031971	390.280311066498	0.422445829210535	0.881829520178579	8.30703451674985
73	0.845017825725365	1.40855426687919	551.614160236895	0.335346232839649	1.08403103534056	14.0342462558502
71	0.924991639893622	1.92838810648142	428.006882041327	0.380730589812703	0.981765029501938	17.2991693183086
43	0.910828200349546	1.43432725210462	277.891877981131	0.45645703562772	0.658238787758893	13.5464891657794
65	0.986544182372172	2.9726680548581	463.221046775429	0.382522702163779	0.575327194833673	23.6693230525768
102	0.878665920087685	2.29539719390742	495.319408196932	0.36468012256547	1.12565276314921	19.352592348105
133	0.85928784174642	2.06244610546051	760.167430474548	0.31056711206116	1.26269434250425	20.0513417927287
57	0.943933437185178	1.79913276369941	468.495102469624	0.35476157063302	0.912760724024696	15.5467835864719
31	0.826697267612148	0.744761727402483	356.657273730195	0.421042957181065	0.867999885861056	8.40929587299316
153	0.877672798832382	3.80644920675277	390.592683414091	0.425184751135246	0.983689052077141	30.7744040691247
86	0.899882504609423	2.02116342140353	452.697317499446	0.352165768318543	1.04471644205102	17.6298573428662
95	0.970380558392603	3.10494331767583	375.030941911032	0.363604225286144	1.00099249810283	24.6574827429434
92	0.979717142593272	3.06965756351851	387.730022345198	0.388320044463958	0.837199609883329	25.3664244185188
123	0.976446794829972	3.93076538011423	439.824726379621	0.358461830526034	1.00561513271357	30.6704062611447
72	0.922416034087494	1.63152212799151	478.950210573292	0.365893726099782	1.0902010398284	15.8013594512323
46	0.670041811724432	1.00364383386388	372.792777240214	0.388861297106572	1.00409301523049	9.90409700300378
71	0.862097107170669	1.33492117301239	566.84168955347	0.311249708278353	1.08612892075681	13.7174056911557
32	0.615043658602914	0.394201163979974	394.356995607134	0.335215619935702	0.959944544394586	7.22572582170992
192	0.924569742524246	3.10356946503768	422.275418927325	0.347589217466764	1.04915795865015	30.2480882419829
38	0.854107459346202	1.05947267431105	383.751369355123	0.402795450464221	0.947062426182877	10.148352520296
281	0.941923375279195	5.1837597209012	605.71894955017	0.341545422491128	1.17577859384364	43.1721470269144
54	0.854124625119596	1.00111984704138	481.246781652757	0.331451488344485	1.04400725206891	11.6062392666337
84	0.660185222474774	1.21769601644098	563.177941724902	0.328995828551689	1.18431336010409	12.8677412145134
53	0.734388172967523	0.840829333686077	608.223808349464	0.331359218888968	1.10961491885795	10.2826313633399
41	0.776983111953483	0.798704866293042	495.48443699234	0.37093176516419	0.961707347405371	9.35045645452857
193	0.987084297978013	5.58030110588989	502.252810826107	0.343263868165859	1.07518579602853	43.5833521539048
56	0.861343204309787	1.63649554762668	446.553172612756	0.388692286289508	1.0273909759343	13.4438350338933
185	0.991240339535269	6.42534698251971	399.970942935334	0.368925951706614	0.957984820685526	52.5993948105016
128	0.992896933547748	5.44979316329684	296.277682920072	0.421160216454334	0.778705234170053	43.9897991323965
118	0.98665952606181	3.99109441375208	401.948286462861	0.370860312876326	0.991701857674916	32.0089408862528
49	0.659289798063742	0.479593134596278	561.974426093324	0.292654039018531	1.12194952485994	9.09814381223259
32	0.750168814007536	0.6664797356452	414.252088857809	0.374679529906593	0.870078068070712	8.02715795498223
33	0.83995075899666	0.731690674397742	404.142111714682	0.392167578049931	0.861089255403001	8.80972740681023
37	0.857820744835305	1.16146422915017	275.858429482781	0.423972532252221	0.785515624996682	10.736394579181
39	0.843747186773502	0.862237869215235	449.637806627298	0.341312081590586	0.952483511763408	9.64798214030953
75	0.964748822138819	2.73163769277632	362.987050374185	0.403232095541233	0.906768856252661	23.2615690828295
73	0.871368226142726	1.33637730240902	532.958373560233	0.302943789216698	1.13179275044637	14.1413408804397
111	0.943146848019456	2.6986265674548	533.104546201409	0.322310275922243	1.14151467192223	22.3278861063599
34	0.655348530329948	0.446474200582499	402.216418685251	0.350896274522806	0.991877112243408	7.58547720221767
110	0.760922249826064	1.36614902291602	786.656198748742	0.279201838424495	1.30148254004656	15.3288334739643
99	0.829002742995194	1.88888213899116	768.781710213474	0.31648809719111	1.2041276092562	16.8475415916818
72	0.811242748766324	1.02131664779934	647.628188502036	0.336436826101777	1.20959550683266	12.6892935645426
85	0.928020006947506	2.63457912297355	411.599547790399	0.378102273389465	0.940881808760554	22.3172879528591
57	0.860828498481322	1.37634623735308	375.040052006777	0.394158891664774	0.91577249349673	13.1172806971202
92	0.911020611365591	1.6834441164757	632.920296036143	0.321741489668946	1.19633683957048	17.0143395378099
84	0.796186614779781	1.81488563471376	425.117477234155	0.332680727379436	1.08473915265585	15.6238244370318
39	0.478762034162886	0.396697619431766	555.39637024079	0.335524736333397	1.05575009181707	7.5784528531678
35	0.858099348581866	0.858004756271985	362.608777831644	0.409232724802309	0.835400567616961	9.36762994807612
59	0.864416411582193	1.12871917249037	551.500441801812	0.3241766065906	1.04149763187949	12.3649398054222
41	0.66385286303517	0.595557365603483	478.159312361718	0.34086426351635	1.02217226430429	8.49343514387193
63	0.77151777757821	1.08102470819465	641.882918298582	0.300208102390856	1.14285687617251	11.8030718858579
346	0.969493362959019	8.06992303482664	589.62715875944	0.341549533432037	1.15472022978561	70.1911676305747
83	0.86604384436392	1.90849043239133	437.677311634551	0.354883811909304	1.04256694593504	17.0218059799316
83	0.853832621502428	2.03751315405687	420.481653476163	0.42780617380981	0.970506768685716	17.2556290238455
120	0.958491981884193	3.22502720272075	558.969548195968	0.335505976493035	1.11700538601447	26.3245121962691
90	0.898937682757935	1.86386788783695	601.380622035168	0.31947949572208	1.19993204093165	17.1179855991285
35	0.92861262974931	1.26342997108495	258.937454553289	0.441760645713587	0.783827158971257	11.2805536177798
43	0.609495009172342	0.475070082048078	523.417400130907	0.363813912577184	1.03410406064577	8.34699230793159
57	0.823722110006871	0.888851194255877	591.743916836411	0.332185101419055	1.12386536121296	11.3590797340306
36	0.667914600593362	0.854760627054385	210.613372620463	0.736363636363636	0.347463015030112	11.0120276884215
43	0.739504524276741	0.93610268619867	403.760871125179	0.381066648984097	0.995060027755557	9.70297202388608
52	0.970063502383132	2.35690101957727	244.15748738514	0.472771550142747	0.732584361459144	18.8865686142669
137	0.951028313964589	3.02915373069044	701.239990528159	0.323697073989072	1.19796813334318	25.5506621399457
95	0.954514379296901	2.51975097666997	447.795834364659	0.368446588814897	1.03933385540419	21.4961342637305
73	0.920482258498528	2.03661192731353	482.543883849719	0.40968968191235	0.940884557768607	17.7870535053249
43	0.972315367270344	1.84103933549944	348.946059057635	0.428041361731201	0.677788418764261	15.9173824647797
31	0.779628644261467	0.609361143285776	352.833851797362	0.362135492844985	0.920255498452748	7.92977786194368
112	0.979469707192717	3.52845948329221	478.768909467885	0.34613029413956	1.01848797823374	28.1374647785876
186	0.873938871926534	3.86827354994826	465.621810543496	0.371493513981659	1.02557166271313	32.7150631382665
80	0.97469890061444	2.77376765904433	382.41458758461	0.365023986654649	0.89229740258251	23.3060509549578
33	0.672617955579609	0.461143932765286	411.56944647595	0.353993491560206	0.993582612630451	7.57371823517506
38	0.962286318268049	1.52516628421861	266.063953945419	0.37850791968439	0.663612717152027	13.4263193594521
139	0.972862272793498	4.08642930721873	512.033585608444	0.381972610195005	1.06694563695192	31.6854251459427
133	0.980107842997454	4.11345554398372	629.845619937945	0.346647489074518	1.07793442495315	31.9991882911915
42	0.928112215053251	1.43484960157697	355.981506913228	0.353829782197904	0.858494111145287	12.4600107610024
75	0.9685714653755	2.93666343479625	348.49599224748	0.407090236909462	0.966961593235192	23.1965231028361
40	0.86052601459424	0.921914010151946	570.991133674421	0.315767579239602	1.14165019193094	10.072800093372
211	0.97919112712272	5.52871686867074	473.546232917851	0.359273534588463	1.05096100419927	46.6162989872853
44	0.954949176444083	1.65757868683067	297.856952272204	0.435771880477763	0.833494021779637	14.5267363012258
37	0.893836307537507	1.09290419253241	312.974541995986	0.39874094744683	0.863762608156125	10.4870701162639
231	0.937828264968991	4.29303293874708	487.935127678457	0.380161863891667	1.08211121861506	41.3534646335864
59	0.758307767179044	1.21587726009884	705.463646805105	0.385526449468811	1.00749654728727	11.6601465971991
79	0.629663434522234	0.777125429872598	861.850182964122	0.308814092125296	1.24912755128419	11.6640600396453
358	0.991100109684618	10.8147135991588	479.193766536529	0.371634465785622	1.03231198244561	90.0329010327861
116	0.882389263983188	3.20614351467055	450.058051268398	0.419947491365359	1.02059779823445	25.4763532978117
137	0.988077431010043	4.55100994572584	411.461359463299	0.353879866325916	0.980014226977507	38.4935540778131
139	0.94970205777272	3.54448168893134	591.114132329502	0.343038886533185	1.19499582441389	29.3828732351327
116	0.840059850824908	1.50446251838709	791.785086829949	0.35931698864267	1.16412869577762	17.447505721539
144	0.920236005026326	2.5577126464951	549.736633653531	0.347341966221795	1.1637400297815	23.7415894159377
91	0.953052328688942	2.47418177949355	485.940674255928	0.377362983564316	0.995442328886189	21.0742388878682
241	0.989352771130405	6.31253590139612	570.708124326708	0.330508832924442	1.18261155311205	51.8649896019006
110	0.941287570178823	2.7149949414057	516.940673567214	0.353405575407375	1.09570802048717	23.6244438421362
42	0.901583909584035	1.12030025526711	465.311122385422	0.376441814446311	0.908396234544645	11.2010400911274
40	0.706145165743294	1.03525171063574	365.926652241568	0.414624918914976	0.943296622213234	9.46672092491348
387	0.988588634347629	9.3069523116986	506.309063631505	0.354125385279025	1.09557528771988	75.0600279179929
48	0.698524664460501	0.638971224736905	553.232518167528	0.315414044621338	1.10010460779512	9.35389858917731
70	0.913992796379486	1.91962483033852	394.414355978655	0.364963503021324	0.969340352308991	16.6659655309985
55	0.93794329912119	1.8364036049043	357.421740454592	0.385216572882446	0.940888694164687	15.6012784299519
52	0.985571351075814	2.56669167479925	330.697791221094	0.516283729337718	0.631251009921635	21.0140762833602
69	0.722034424986744	0.932063730293862	682.354205670523	0.346039027801395	1.14827631247867	11.7342351360522
35	0.809563528730814	0.806339520844745	452.033496699413	0.395317293028148	0.872813545670603	8.99208319009764
138	0.923566458623494	3.60909500538587	616.004459160151	0.364474924385682	1.10530600060636	29.4964768839553
48	0.706049590325369	1.17570231833026	415.718882435325	0.414723678323722	0.956149006334974	10.540946678977
57	0.875557370819457	1.15586054602577	527.209146644749	0.345572585007526	0.998797593370064	12.3935117168832
44	0.889035474251446	1.17418502400399	420.613555334659	0.3375236051095	0.930924781806369	11.4199388916271
68	0.972285814196263	2.39863950804773	359.45641239871	0.417674364719465	0.775095046271914	19.7257471983243
38	0.918504533041236	1.13975097485178	337.570219004847	0.501720915962402	0.602350508369295	11.0405949496085
50	0.91531646850414	1.74318709929276	305.993153302935	0.490216181275005	0.713423115516381	15.256725410229
42	0.824118805707772	1.05665021885711	301.518565029533	0.381996424349365	0.9096736364544	10.2237242781421
107	0.849353438188203	2.66412897547218	474.475068761673	0.361768877064194	1.03233222597505	21.735495533311
90	0.885835038231344	2.33615553623356	303.933873689922	0.401049559981826	0.865202362687248	21.8890110561039
73	0.671659244526545	0.713581737598899	695.161341739876	0.336593249894608	1.21408463833791	11.3927965695722
48	0.839021609176227	1.05320857101389	460.970549618976	0.312552460638544	1.08379894438811	11.0759099504472
34	0.892352582066743	1.31413213357418	373.503546298688	0.470449989631575	0.643772221447667	11.5561086300115
187	0.981864536084054	5.93390820070846	456.71658738806	0.390657108740712	1.0734708264256	47.1118528628728
35	0.944963259239922	1.43613641175836	335.047610936098	0.470609549433079	0.812829900117054	12.2841381491278
214	0.970728567395499	5.31368142257347	500.059149780406	0.348273325370991	1.10946955093841	45.1677294574817
110	0.981703954201003	3.81331958178837	436.85327736712	0.383918551877821	0.953878214921271	31.8831541168992
41	0.663522593470406	0.557335708180577	443.064674548542	0.34827748809651	1.05965650221667	8.50086009590565
75	0.954700860590844	2.55011635200734	377.220145004933	0.359433497705792	0.959114594838227	19.895674345792
48	0.73298742648903	0.627778635440752	512.106884963135	0.30753939797741	1.08141423603029	9.49934238406227
213	0.984955894693217	5.93713294496106	641.742888028735	0.342314389159437	1.18504936494308	52.119285570653
40	0.599567010036373	0.471392628784929	541.857292979502	0.326188875611748	1.05799374709811	8.04394910183552
47	0.795742826673245	0.894283159280292	449.247159064164	0.350032158467538	1.05826381918367	10.193594498615
586	0.998174474906738	17.427598821387	464.478648436583	0.363666919287019	1.04922548709367	142.388510313155
75	0.732557656000023	0.857175111059845	742.901590070467	0.287380636227847	1.24678848661088	12.0046509154127
36	0.727945093258826	0.592882672258388	464.774346374338	0.369150876112139	0.97636535876906	8.3013821644384
86	0.972420735453734	2.95947417741133	518.203671124927	0.342774417344965	0.984643442858358	23.3031210535138
90	0.92620173627488	1.94957963738336	494.689584230011	0.315830766313136	1.091952419863	18.0692275302621
34	0.917453364627404	1.43609312790639	349.098979020997	0.472314819563396	0.658145334954986	11.9667253204729
66	0.894391560346464	1.59900692608764	465.700236906588	0.330489795711225	1.09166205557645	14.5203214509865
54	0.96538095180841	2.42571150832333	238.099323249755	0.544559459789984	0.641369824188583	19.5676247270166
34	0.489663126424848	0.296821739230385	543.638113432842	0.343203965683273	0.979694960828484	7.04721340228562
109	0.969223137973106	3.10453979147841	533.553113472521	0.361219480672494	1.07137545847468	26.2459698074091
57	0.961069461616163	1.96751943660386	335.638406767887	0.457294408006482	0.833145670560753	16.5649754134803
31	0.907650792832474	1.03114241423522	290.67928928278	0.496329111662886	0.699743209627162	9.81686943823306
70	0.939626490470072	2.48214283529036	323.158599074057	0.488280487931016	0.82906551371959	21.5779300760152
84	0.771637401325119	0.962542417906108	787.44165128862	0.302412167508517	1.25745871293887	13.1051562157408
56	0.870918337604475	1.16510359967405	463.147678729188	0.37194359958847	1.01623855164207	12.3666355042129
62	0.893390295619588	1.41995680342923	461.041448872202	0.323447516564646	1.06352688118516	13.7955235925256
165	0.957391182966007	4.34909588853979	565.338513002999	0.342810099158358	1.1703314148756	35.8591579016941
114	0.773383309900005	2.33626243650395	382.442092046294	0.399544298230977	0.953070946245392	19.763631913721
121	0.9024244428684	2.61757943910129	537.885016493057	0.324718702666909	1.14122308155364	21.8913450707591
98	0.873337474469308	1.95401740950459	403.565144036204	0.357851817553058	0.978703565751122	20.306323271544
97	0.943914254090949	2.67545668023972	490.029282872325	0.362635605539479	1.12488097992308	21.7568985005038
57	0.971398896673058	2.25756416503421	283.222571186214	0.37459051811993	0.775072121194648	18.942396973563
80	0.767577702276108	1.7715285805851	408.126476403254	0.434826853739266	0.926481454213347	15.7815238985429
126	0.980923501448401	4.15013588213835	379.154507804223	0.392150161519394	0.967116813705213	34.1298009918401
38	0.833478873270064	0.757098083104334	367.164845377397	0.37606010026482	0.968134541767994	9.40577537381448
88	0.88354493259028	1.65247906023686	649.544814615983	0.326228718425826	1.19591140572767	16.028983757639
42	0.822290833457718	0.920890378646849	402.392245085118	0.363751607149559	0.933658764534889	9.91387847293001
44	0.88490091745225	1.39878348057392	369.782414486774	0.411385461578155	0.888301170148573	12.0763994085298
57	0.531015828992263	1.08524461614838	459.214838657556	0.351509936269521	1.05063579289577	10.158886958597
220	0.974933929081801	5.37982941192517	643.063418210544	0.316363000474874	1.22511511058887	45.323232479218
150	0.995842984155111	6.17747880902457	302.235721400278	0.427104090738736	0.791284281543711	48.6833772509289
39	0.950484705943191	1.60319095980518	348.403009078019	0.480359523030429	0.8097768998511	13.3224713562176
43	0.866658382779231	1.06508993381904	370.871522839391	0.3747156743168	0.908369293921769	10.7439662849549
37	0.866855232493583	0.940167731137798	415.779155540335	0.413000422064267	0.81444744416353	9.80001837748198
65	0.89991587758664	1.62351076923521	462.795188990059	0.38150399486869	1.05447148705082	14.6510481209642
80	0.829353664827157	1.29218105550611	612.28310555145	0.368370936555905	1.07861785238863	14.124894353703
41	0.877309615766014	1.07043657413614	394.435406216499	0.382904633997202	0.929412818321481	10.596422560652
109	0.975002739265275	3.47717754631873	457.405320457884	0.345647738207154	1.07615307323909	28.7712364137298
121	0.754134251573567	1.931348046646	701.468376710315	0.320332499381364	1.24145211418723	17.1725173981696
85	0.925552574369876	2.53937555177814	331.308933535328	0.39100996135915	0.938640074251304	20.5135532577924
34	0.752879511670438	0.84990491157621	220.40573500758	0.68	0.375866061497008	10.5188268596677
46	0.906377702525492	1.65924457177291	441.971808221775	0.443892487565371	0.930099741191084	13.5212816972105
33	0.769613326493396	0.624230557505257	490.06710029993	0.354335231777413	0.939371610798102	8.13075259464147
82	0.960569023174623	2.67725616584183	460.693367751347	0.382395260573279	1.0073253029349	22.584815405922
57	0.837712965460314	0.957801179645085	575.935476951561	0.333882799739751	1.11744746305114	11.6301853692886
57	0.942431429697893	1.69834071278203	366.120279913644	0.392967311814945	0.887061339496102	15.3649415730304
90	0.974446795692407	3.28422527435289	341.864023933818	0.386908730381177	0.914434755172724	27.2225270499103
68	0.944232308325463	1.93328018115195	450.276211492969	0.377255393770438	1.02377904964687	16.8081433899564
83	0.980571617198236	3.22938319387799	444.028174242442	0.386893311210961	0.948166119067309	26.9100616064968
279	0.972447900965258	6.22592347477772	521.781483587638	0.342083234453966	1.13085384784166	53.4393267248825
31	0.696025291039421	0.50342596966806	499.650746773281	0.347708230583909	0.883043196593393	7.48658160698632
45	0.921987749203391	1.43574577105042	390.57007900728	0.423570512317775	0.924571604257297	12.9448864863734
97	0.664788698266902	1.86171481837183	349.451527837775	0.396907486081497	0.918792789361249	15.6543094844789
39	0.96045790408524	1.70400044195255	210.840045399152	0.449296247137585	0.664366198163241	14.3659741951987
34	0.947549445090451	1.2409785228705	313.347186315277	0.390634782751217	0.611434460939491	11.5864279339576
110	0.894382172356877	2.50542843461995	294.532561395552	0.495257673963556	0.814667264961091	24.58809273154
105	0.985546685017635	3.63911999499758	403.768831405232	0.381264566904889	0.945475550948601	30.1024033964297
45	0.912894449859913	1.39836363502657	329.564518450891	0.386606591406108	0.876365878904869	12.6206658627498
152	0.893124239387366	2.93198006415538	527.642716956952	0.339841938582179	1.14753852503252	26.1462501509443
61	0.932912301782883	1.87204578703254	373.74598605026	0.341502123585215	1.01072633024284	15.7805455721339
42	0.756089933689229	0.666919705845182	537.222456384817	0.314463348380135	1.03333802179133	9.07471981755548
153	0.936891237921683	4.36409582179361	351.872566038231	0.416000795189215	0.929043669140761	32.3224733083839
49	0.914413844279912	1.33594997042686	405.525933416011	0.361918860205125	0.937357748222657	12.6323569795249
84	0.980443892313428	2.99987465264922	403.590582810828	0.409764197802434	0.899536950306308	25.0401400761341
39	0.591414964265257	0.528809109511955	433.517505307188	0.358334694116617	1.0171445716686	7.99841050936078
86	0.874002614378841	2.12976697734315	557.263281103398	0.325798047642239	1.10705954388429	17.553516793087
158	0.669773974101937	3.3832262591538	460.089207524768	0.37397889984145	1.05035971366703	25.6940000606953
39	0.877844346132916	0.999705569056303	338.0797459174	0.366475831367012	0.946542704216348	10.3395448154445
63	0.976197049652047	2.78003947894019	299.33164400282	0.422156348173706	0.829829518588906	22.0407477331606
80	0.981471581196459	3.06666332039012	320.343485383904	0.396205209734622	0.815605057052068	25.3981751105676
142	0.97684530069298	4.81481163936865	380.135647969604	0.398212096844943	0.94822221402708	40.2365164253764
174	0.970137109183442	4.45508299485982	519.075563562511	0.345007919297733	1.11458801232886	36.7979905955566
77	0.915354238158694	2.11081991431473	482.1374254301	0.362641594856085	1.05661608264024	17.793205169922
36	0.915808745607622	1.38213365967338	342.785828646769	0.383934667627715	0.870966946249866	11.8653219065767
68	0.964613932149449	2.46469365025466	311.102458813549	0.421241589243919	0.817423418356847	21.8698227924143
31	0.910713567360245	1.22220631285769	250.597655683426	0.53089047677283	0.725270939654641	11.0751154839399
131	0.918370406873864	3.30687003253067	453.462360134541	0.354673068886526	1.02630989744815	29.3008925962932
89	0.957954209302624	2.44561885161247	505.689103224604	0.323502189563331	1.0621371937302	20.2851378681928
50	0.95026310452828	1.69872484475335	285.348433535871	0.40425810486608	0.849404653336026	14.9781242118879
157	0.790938152249018	2.63910496519424	746.958650655262	0.306407890970301	1.27580484511783	22.1643894364763
115	0.96327256830945	2.95617697946889	637.846531327879	0.320815503229543	1.08868635545416	24.3881632086796
44	0.893170817902697	1.17942462674134	348.047871415267	0.398389688296809	0.85468579191573	11.5027973659435
50	0.644650094195398	0.536321976570609	575.995570409648	0.305335878892909	1.07570056528969	9.20130890112131
153	0.793184803529663	1.73050594304272	689.845390445304	0.305416316896727	1.22012369079852	19.2678251034516
31	0.934485348344544	1.10909957083462	376.849665609528	0.394652406417112	0.624159405386354	10.5118637744347
35	0.600357135438041	0.328718089236918	440.514475982832	0.342199640320157	0.964739436346175	7.41934925880923
53	0.83223456595272	1.59433584464204	345.6851235701	0.381292343988108	0.919319814214402	13.1542175347217
51	0.921383202107099	1.32406638256173	467.85327102486	0.370445342569541	0.912990512017938	12.9073896617481
111	0.969994735915797	3.32546436097157	506.32787998783	0.343155128058495	1.06109820437824	27.3437458088562
240	0.983554406539765	6.94082718708042	458.617159248838	0.347086519069064	1.06080025684431	55.6531613935419
58	0.889800943862541	1.31333419632674	470.933215707609	0.324584204336991	0.981394271220448	13.1941627645698
159	0.980560495484178	4.62937495609381	450.221412455809	0.341904939526034	1.05294352714086	38.6333428290075
49	0.933532037382035	1.58429478522248	395.709221425482	0.369113004822325	0.876539459409971	13.9462771359989
61	0.938610240703969	2.23344683469802	447.983086895718	0.396300476688163	1.03162608563331	16.688454326915
89	0.756927109946826	1.50732740034016	552.838953157145	0.345717979608644	1.13126400782647	14.4632305780741
120	0.854389210308559	2.4584060646204	509.87308420253	0.330121950689576	1.13928605066549	20.5862401625962
56	0.936955166290593	1.78984677545932	372.562570671885	0.366074871095379	0.931605152869916	15.5818794204306
53	0.978587631870847	2.44426365715634	336.024522493862	0.462154985421239	0.78158384847925	19.7666488253158
124	0.980939997523225	4.36596774767094	374.512215333811	0.405904218556278	0.918388209457977	38.3794124986938
91	0.89794830276052	1.93407620163721	506.632098881246	0.364464598759603	1.09709924487493	17.6193766496306
85	0.60054679857821	1.39846696564746	522.025060427416	0.340007291061967	1.09980324673125	13.2977823205302
130	0.923239480416064	2.97094915005962	491.030602133964	0.331593958408879	1.0910018175342	25.3113902187782
100	0.966130544452879	3.11652598429668	361.506747009938	0.389622625591291	0.966502206191309	26.0543214001759
382	0.958743126118528	9.57124228462792	447.798318166275	0.349846222139034	1.02295908748934	85.9787783074384
216	0.951391056558413	4.8022476660102	482.653106727796	0.336821913963535	1.07269035956835	41.4200137318806
31	0.815213427446455	0.941154976368325	325.316534009264	0.491268589435484	0.849913009075623	9.12728151535728
31	0.866459434145647	1.06248606650367	366.370823155042	0.392413889212795	0.762626921594389	9.75490543046417
92	0.631411873533427	1.09012148432781	814.738432636735	0.292083372874558	1.25444353479154	13.0979970849447
107	0.840976693122928	1.72101044343396	729.029327852238	0.296694664729734	1.23872978933695	16.7592219280343
37	0.830867454692686	0.751205342921319	446.98942215291	0.329463040122885	0.957823690427963	9.1530460345475
39	0.783101038331454	0.687744208060815	472.859823406677	0.340189260997922	1.0062022545775	8.97717921507685
54	0.924895944615864	1.45761423306028	436.272422395159	0.380230346292846	0.977521138278291	13.5685599748158
73	0.872573922783911	1.37661498642353	586.563859781195	0.311249393698546	1.08193812389462	14.2313936816163
52	0.694124164870886	0.79287089491615	539.656459420584	0.338531038102005	1.1156314083558	9.99250642524429
47	0.908865656567765	1.28150037984919	364.990460484489	0.392147281372532	0.976919139921102	12.4026202780204
36	0.769873474783379	0.654704548382284	391.170298856351	0.348582297380002	0.935142330969091	8.55050355896885
31	0.657110191351374	0.442917224012655	429.816772812108	0.334319022982882	0.94539694581751	7.24935410812028
118	0.962994810003304	3.32207553183615	643.136221920284	0.345597682010881	1.15277648257859	26.9568051534139
55	0.909901172659026	1.37544952572069	461.243446726128	0.382240134254185	0.965890496777817	13.3328415059104
76	0.820734388382701	1.68674025360677	413.117122399641	0.385745413220306	1.02102045142824	15.1637827800727
51	0.79545857020034	1.20717311192301	392.371776520817	0.410892114938026	0.984234090406735	11.7027751825091
59	0.913961908760428	1.47431243213666	417.207694482881	0.375293564067572	0.976305223551903	13.9372362956166
113	0.990270412784153	4.36084887564829	310.634705307469	0.379005771950941	0.884576888529203	34.7290503103661
60	0.885101342642785	1.74521863515424	426.879075928244	0.380421826948158	0.979860442864891	14.7228230083684
129	0.884090100448998	2.77827078677816	452.253552957538	0.358642030582341	1.04675063460773	25.7068704867405
69	0.732980298922391	1.88918612547895	280.472676741944	0.513456299981467	0.793201858902251	15.0708467053197
166	0.966920504577281	4.37932935459894	515.970939703633	0.344409920312701	1.12862896075818	36.6998606760121
80	0.803162516936506	1.27025927577831	682.430087975022	0.320462501359202	1.19429788042707	13.7602899332055
54	0.610440056325306	0.551890622139719	647.992288694151	0.313716506180762	1.16061770690463	9.43536886492998
38	0.899945138434133	1.04872538867935	362.31564821406	0.418513502785949	0.848277999139462	10.5880546391012
72	0.79018349884742	0.967020332035674	649.327858783567	0.311533843232721	1.18662983687588	12.502668952285
36	0.422241877473463	0.373795562494203	477.969071394336	0.345705894525934	0.98853855206781	7.18565963462147
62	0.960032249939528	2.17508204928736	371.271719452162	0.382001286062007	0.831809448994712	18.5568775892635
295	0.991160680808049	8.33434292406894	539.441239627381	0.358564661027163	1.09313965073964	63.7499438230499
142	0.65211186165567	2.25020805707962	449.590351187831	0.364754673297106	1.04449733926562	21.0357422226711
74	0.923900686017507	1.81641824944886	584.740909964809	0.314404907153159	1.00527902345791	16.5935376932393
146	0.752281156851042	2.57876591070496	419.901273866238	0.358230380897373	0.992929010315948	22.4919401555891
73	0.721823647062464	1.57612725831344	476.374329324847	0.399615663942254	1.05489318716612	13.5433543845316
120	0.966660454677983	3.27594281751121	406.366990060978	0.38669647093566	0.966606369239134	26.9085302976222
63	0.667648556282645	0.563869516018272	694.08137975474	0.268770280939468	1.20251167047099	10.3926292811279
34	0.765899018921863	0.545661331350086	395.016803344422	0.360552391380115	0.995900736710693	8.23193208682961
63	0.871144778319275	1.32669759399917	509.781354434217	0.327368500859154	1.0713463642667	13.3173907887015
54	0.925271436756046	1.70339618329483	347.459190647289	0.41373711496141	0.888271717391351	14.4698663632956
72	0.477256553063504	0.745094040152187	704.759439936241	0.299636574784545	1.20139567398913	10.6682710034541
70	0.934971840803008	1.85201055613591	479.614837941858	0.32715821104514	1.02458696606201	16.405720293204
48	0.871542327268478	1.3006151266488	468.954727868022	0.445848127125028	0.869235399451554	11.9714547808275
50	0.94823803409649	1.69426586920595	372.700706451475	0.363520432007935	0.931009187667841	14.5409457003367
203	0.985491263124109	6.0156488324317	443.387413302291	0.363250062279212	1.07515935211746	48.6480386619861
41	0.838358589479636	0.982308665997926	394.562637974668	0.383575498525283	0.903066551979184	10.2835329789922
41	0.739543867690782	1.20554823737159	267.164832570624	0.479764199389395	0.727446380863534	10.7821867333318
34	0.326924275589731	0.551100146963918	527.686077512902	0.306734257226546	1.1324791753635	7.03431995195513
