s.area	m.eccentricity	s.radius.sd	h.sva.s2	h.idm.s1	h.sen.s1	m.majoraxis
113	0.891238430758474	2.20354591072626	384.399375959904	0.314856796103599	1.21137544730456	19.399495792148
382	0.932702473378747	5.59971834102976	349.770794965674	0.341845590146142	1.18228375752678	50.7733525537403
147	0.972098112526878	4.09765125512798	419.348960553995	0.333341557620969	1.18622175490934	33.4561777555261
164	0.96107721595422	4.22830237522675	260.486496521945	0.35181968937263	0.999187770887132	34.4667078766538
67	0.971470353503314	2.53151227032309	296.004915504769	0.345307570013452	1.09820620870848	20.4795720482326
172	0.925421754251028	3.85078278472938	382.733553315467	0.356515342723102	1.21016091420823	30.362140909732
106	0.838470909401152	2.23055225722356	391.309436666848	0.344982928385154	1.17996813992129	19.1836847344907
31	0.77865366883923	0.718128125713192	418.002328775232	0.297660728601905	1.14556351248313	8.16306287769234
38	0.814425196620052	0.799276800515328	298.922793070158	0.361516557766558	1.05586110260416	9.38694273962316
104	0.841081296927214	1.96422206560126	554.329877433648	0.330435378253215	1.28332887873247	18.2589584278292
58	0.893085823429046	1.54578562455691	316.475769069751	0.35845154995993	1.08604822031923	14.2942017101432
504	0.864013009988208	6.24655262761926	332.965375708259	0.351862789557476	1.16403326910123	53.9437720407127
64	0.80896155459359	1.3138550805763	295.837051752022	0.372800925257325	0.97935344886344	12.8499381610772
40	0.577335083639799	0.372192621312277	318.083692187285	0.311770673841262	1.10668856470211	7.9110897831657
143	0.797542866593959	2.26352815995296	293.199818586275	0.379915779849388	1.05571954856512	22.51142161657
373	0.928383879946323	5.92202149530008	472.01944946753	0.320814824294314	1.28686842478742	50.9139311453748
81	0.807088198744834	1.8421357100509	188.05419585245	0.379562235343815	0.928463373558022	15.952148189133
144	0.968489921251633	3.99940626373265	308.510144935297	0.349649735532089	1.11210785101904	31.4859695492281
161	0.852278647444014	2.1384993463993	693.182233516913	0.290156634108041	1.3669873206036	21.2487731110312
527	0.914529050267882	8.18077057524452	305.844349701479	0.346788992842124	1.16563162227887	64.4737986732849
36	0.607690704534887	0.437399493877347	243.793191465513	0.348077611670616	1.04669525604738	7.62417594202708
352	0.593465169694137	4.24190956131137	269.797658045474	0.375570968931104	1.05720456237783	36.7771691148026
91	0.881883251891301	1.51534994804443	370.44465531136	0.333912792058487	1.19870855768799	16.036933974354
134	0.893995989266063	2.25319785112795	403.74597672716	0.302215095005308	1.20166566089895	20.8971404419504
130	0.95502476731219	3.28922745712024	305.955705890015	0.354835644347534	1.11143853485367	27.306161865705
54	0.73400308746737	0.614289679365921	395.478387308679	0.330058228734699	1.14147361852499	10.0372761060991
206	0.95304847116728	3.67374079711683	506.532172089642	0.32402090370276	1.29487293414413	30.772594148919
653	0.8944078166347	8.67764442083212	371.074189616793	0.348868127395914	1.19574781121646	71.548898282037
713	0.975328655614557	10.1247949479826	400.087819584966	0.339441593462483	1.22445400380994	84.3593412846469
157	0.955426992768515	3.66910240787877	372.289565003539	0.348553826163903	1.18743310907285	30.9866096217973
451	0.955659688309581	8.63749348782328	329.353832168506	0.340279699929767	1.15321722894469	75.5913746074708
74	0.895649106612968	1.64828620678899	293.592629531599	0.347536241821253	1.08504766486321	15.38224364511
83	0.769740860269621	1.53448643284905	466.751389067658	0.389431636366153	1.17560801973054	14.3055221369225
122	0.933228763987547	2.45351413326388	379.568935071924	0.319067052652282	1.20706603597323	21.7819543513398
99	0.826232776391457	1.71636679113	329.935117643618	0.346007190302927	1.12507959770973	16.1782349530935
792	0.910480075568235	9.36617605722302	440.707760411179	0.325222337084272	1.27929043712248	81.1279195833181
225	0.964545487085548	5.17087295387522	426.409446458408	0.334307506031697	1.24444710885829	42.9160450497004
71	0.808490710358553	1.74965096316868	194.89354903087	0.391550989653456	0.933845386013093	14.642513141493
138	0.941127072990768	3.56081421757398	252.754616608354	0.36166329162678	1.05155452182616	29.034073602246
71	0.82661303012049	1.38311910562803	303.352042050993	0.359793794747355	1.07147588643142	13.5360451328892
83	0.855806947896127	1.58223721815947	295.1761597592	0.3588484375039	1.10439199510502	15.7520232117819
44	0.635154559613304	0.426346760869704	309.858235345967	0.344431292192613	1.05665614750495	8.5341289361981
3653	0.502051084626585	18.8823607519923	397.299393707639	0.340006804698954	1.23553014735661	143.955983629364
60	0.571737757638169	0.903536923302515	457.613552932272	0.355792207359808	1.09170372172418	10.1846268174448
31	0.570424246085732	0.389472868469202	249.453539335786	0.365797579614851	0.994402555825878	6.96832637815441
360	0.836381633878064	4.32993840712826	430.468795587421	0.308287504887533	1.26207783506838	37.7003893391531
40	0.699231833327166	0.665491368255431	244.938427031544	0.356727918985983	1.00322881261154	8.63842458037297
80	0.76865588791381	0.978238817366197	406.85373161832	0.317218054307838	1.26522246915762	12.8037941809249
35	0.729257826391179	0.570896240875424	249.167266736303	0.362651750579183	0.981282246806092	8.15959752384636
59	0.927992688523864	1.67320700342166	244.916982140153	0.406292171573501	0.939505784033125	14.71154265375
192	0.95999968686831	4.48946132061736	365.856481303877	0.326547591369828	1.18748292445089	35.9756592186782
86	0.86388277668129	1.52429025771201	404.06810705903	0.362999375655722	1.15161416967023	15.2964353306818
66	0.516425484676425	0.48019461986952	554.980556375824	0.321226322167499	1.2034761323493	9.97929365119604
75	0.920942046306206	1.76694291946713	292.572971946458	0.348711929626962	1.08649203195349	16.3900511098172
159	0.903714936638596	2.88539728625428	378.835499638212	0.324107638060974	1.21370672946791	24.4411664426567
359	0.786305709212546	3.7565794843303	402.752448744716	0.318272049386474	1.23414550033211	40.138160982134
198	0.876848794675459	3.74445975873776	373.378202543087	0.343414440081107	1.1598662698383	30.2616100454905
280	0.931806327672217	5.33541277595823	372.220438777598	0.349292184033411	1.22910447882304	42.3159393719369
125	0.939427188855404	2.66870467688438	385.152382070791	0.337371218659203	1.1953787837843	22.7308884825731
716	0.894589562616314	8.71880610012951	443.023897289229	0.327703936514578	1.27125893690564	72.6079644737388
60	0.918803537601173	1.59960864964858	253.826223692401	0.395414393061452	1.00642122547169	14.3242280191721
52	0.679218899482282	0.807258691815488	315.435105391216	0.346197857256681	1.08397470800109	9.93104378757186
63	0.914703209783642	1.51458278903034	299.590438950579	0.339170033855225	0.99562150905425	14.5530753466614
48	0.49593537328091	0.363701662422701	343.456217091313	0.327523001640649	1.13382162127734	8.44366014969007
695	0.733244382365224	6.60690118513132	351.717449775193	0.345557260933458	1.19731516656425	60.6274227936449
163	0.85092837677569	2.16578982545561	449.037687289484	0.312467888963869	1.25297464550183	21.3951352225185
49	0.850692975476286	0.992965386026252	290.504312814309	0.33185029607041	1.03910847637852	10.9769821959411
227	0.715949690292281	3.66386423288172	291.795735947563	0.352756849303749	1.12082110711441	29.1816305834668
185	0.86310411941755	3.16963514054404	348.795945070163	0.342676965324024	1.16749389827052	26.5782226986757
486	0.994339311666741	11.760741762938	469.837666413886	0.339297509393219	1.27745258683875	92.2373927670034
40	0.799580787481442	0.755952099790837	287.834743133878	0.329407346333342	0.995103930799101	9.23439933284526
139	0.955875363006168	3.60088214874172	310.972157988636	0.346500415042841	1.1042385915845	29.2061042627596
295	0.863636777211668	4.70226046874487	400.873674394121	0.339448982754532	1.21407459438244	39.8808394529529
196	0.951401441534865	4.18358138755046	368.075853920034	0.338793656806569	1.18072498036734	34.5071244205953
37	0.825349311353996	0.876912744192379	225.092069678117	0.363254599136952	0.95827280551374	9.36196877867522
145	0.890226742726061	2.55051462174955	532.311707366068	0.313272795104515	1.3254735221805	22.5906840515048
68	0.80606852185106	0.972217995556137	358.375487595897	0.328407903702021	1.13517837165003	12.2196417158709
201	0.93634381501159	3.16297125847993	585.650845245427	0.294669087357802	1.36787604737392	28.5243690357205
38	0.772326270885898	0.757569131565946	273.610592886655	0.377772347163828	1.0122215556722	8.9912130307275
167	0.85268528068343	2.50173393634338	461.769021698646	0.343182802515994	1.22997971634756	22.8278034645297
229	0.979794382645366	5.66650794452582	309.138509195426	0.336072993933114	1.08756762792414	47.1852052143059
42	0.714435766115752	0.796418535245756	454.00253712962	0.359797721036111	1.22967891072373	9.12052433360528
58	0.960006908931558	2.29248084163347	266.071084138762	0.447069036171203	0.874331695112319	18.8498176600708
691	0.947873511534604	9.83345297166731	479.977118708449	0.330030011988972	1.29637205558047	79.7893465425712
759	0.931940671277319	9.01560799747832	364.269692116815	0.352878761507451	1.19844190271821	77.3723733336443
255	0.920279750766272	5.0834189450959	322.500487394854	0.34844383828341	1.15815859960841	41.0109351064736
41	0.899296789812048	1.19464012039592	229.460029493929	0.424945917112345	0.930178954317666	11.1536290895978
114	0.768176934350925	1.91063586731702	325.041909992978	0.356723555171615	1.1644549023934	17.2823167809286
79	0.862928129605206	1.34407186222959	354.212344142254	0.333601612222302	1.15509987586017	14.5247338527647
49	0.789006307863944	0.793884866903453	291.923177466515	0.328910107462143	1.05713448148474	10.178221229602
87	0.406710300287686	1.05093896143405	425.407708794981	0.31104333854841	1.23286225994688	11.7356308734167
36	0.766875305392067	0.559500531968152	256.930641975311	0.345200722307241	0.998978193146448	8.41376586927915
246	0.947432755405221	5.06699754003599	341.619906329807	0.354579068805514	1.18073977414409	43.6339245323458
156	0.952410635170673	3.64491416156873	385.969827281167	0.339070072692364	1.21185021379848	31.2451245996936
57	0.780908557851905	0.858362643394925	341.605549381736	0.356805302252873	1.11079556234718	10.9046584119047
58	0.697974228368234	0.958638313341143	321.766349342187	0.347745433362132	1.11942441989278	10.6441494793916
33	0.846989401162943	1.00554015074095	201.029187053319	0.397152525685661	0.898154065563974	9.7001012380542
177	0.935627366163262	3.79012267048631	313.148734599311	0.351399524279638	1.12886258120972	31.0378571928049
43	0.959587402888972	1.85242336104166	198.157864938858	0.44730409364932	0.821598143684411	15.3866644038273
315	0.522535530490638	3.10838832073782	501.9342549517	0.324218977226248	1.31056088955228	27.5899172604434
42	0.697706446655856	0.569598223310068	283.172726407692	0.352991872991873	1.05578674707943	8.72633652332195
93	0.57891198290709	1.48381315200179	356.589653753136	0.339365641149825	1.15710626773887	13.6112353574598
99	0.935922704767148	2.67705897456019	296.694229390365	0.356793429645816	1.11361815007501	21.9938519406048
68	0.836122537663825	1.1894069069228	336.248479758643	0.34804368152825	1.16553205071238	12.8536809695656
426	0.821116459358134	5.39494687895125	326.293816351865	0.381583621687379	1.1453311650854	47.099241585739
53	0.722401279959741	0.815494473739261	323.004939861724	0.349736779632974	1.11871241985027	10.1471736843051
120	0.949805522719987	3.14450260043646	264.711708174606	0.367448135264994	1.03785764238853	25.9271114606991
276	0.449880323083484	3.53458772779582	363.974378269937	0.342700391091451	1.20266718357691	26.497209730288
254	0.689909295556116	2.91292356298895	424.563812657561	0.319292187642259	1.25150329690851	25.0066366289701
310	0.692330799391433	3.42292422075826	326.460905590758	0.335646694069723	1.17855600434022	32.3816978024414
67	0.737039172002458	0.948539999379336	349.320828104078	0.331627085593626	1.14768251738451	11.677275389367
122	0.977717590359063	4.02540038182785	233.108615657059	0.388171931013276	1.05154419175264	34.0827871275455
66	0.889065773183064	2.01636092345631	289.248476867976	0.422343317418695	1.06493585432044	16.505629401465
31	0.774402359463212	0.562340098429155	241.812613232991	0.36344469999119	0.953114260893992	7.85545380722383
46	0.908766673889208	1.3063828394765	207.864348163898	0.40786980904628	0.899619484367311	12.132792011896
1294	0.325708290649031	11.7150470161936	377.318098171009	0.341259257446661	1.2353571280613	77.6591046569161
278	0.660327066800464	3.11020293439134	410.67787671297	0.338200734274441	1.23479380810277	26.3128936061614
39	0.816492813914222	0.811085577926993	233.322236344105	0.415579751773523	0.961833085717374	9.48535563337352
178	0.892904007390062	2.84142845282488	481.165003142773	0.297079205902735	1.29321749206849	24.2760073984897
52	0.414274289420362	0.369226855168881	435.319578095884	0.318827052650582	1.14427728810776	8.54917540607292
270	0.930543395521248	5.09695467217402	354.385562315026	0.350440326368131	1.18775668094116	43.6012580906018
212	0.940965743564032	4.22291762825738	257.801253993422	0.348458713287358	1.06834842881807	36.0036463249962
219	0.913958737660571	3.97860792516212	333.462775740297	0.353716085916643	1.14481263132389	35.2356330150567
70	0.878951925878695	1.60963292067537	255.11666438571	0.383842240430476	1.05015019218637	15.1540769256496
55	0.864222198260568	1.57549460548418	155.67711927778	0.390922121356904	0.689205632869547	14.3959960411074
309	0.852317619051321	4.45504191357784	385.510844081435	0.344853594797627	1.23400674521279	37.8525488593609
113	0.909669793127091	2.23916912876448	355.461433895537	0.32543170190229	1.18464048299935	20.1878056234244
50	0.866441884858343	1.20955036996343	261.525862216083	0.382136623313094	1.01657039324073	11.7927008934714
540	0.98994194004555	12.7072572894728	300.119148181732	0.352801014718005	1.13714383627753	104.462552110603
168	0.971178888451119	4.26022997340192	328.214143064598	0.334142765767819	1.14223810483008	35.5260504576642
75	0.902266947175976	1.71797671270632	274.737245063602	0.360997920997921	1.06628834629151	15.9765753506434
76	0.943681512059407	2.25150644240768	270.956603540388	0.376490545833106	1.02957223173816	19.0253047129141
41	0.434642524251725	0.485001380875912	318.447677723144	0.350189900024459	1.0552709989033	7.72605054302616
36	0.802389252505012	0.772193762233933	214.212195313289	0.370823152431355	0.941976866893877	8.90040410445796
102	0.877651596068544	1.77689732611283	363.40473902642	0.335250185515672	1.17415977435933	17.4160881323874
38	0.80759245140593	0.997341411894655	247.145145482762	0.403035430388372	0.840296303910211	9.61275162925186
66	0.889241532749096	1.75530815617357	235.755691503468	0.387700971722043	0.970504572789672	15.5998505420117
82	0.542740567093774	0.541308982042528	564.152323645972	0.308409873576114	1.19139645515659	11.2527674572667
60	0.827430864868606	1.33286433634609	260.659365191772	0.360054508289803	1.01752009995077	12.6728765518022
59	0.915301336440004	1.5276186626954	204.779778222391	0.367465834886649	0.987578411189243	14.4613515393141
58	0.495223929196072	0.437069321567002	403.150771162804	0.307605877847364	1.1849340652325	9.28828357080185
35	0.839019845350647	0.860719970990512	287.207043911713	0.294894751378558	1.16325617621008	9.23351312581524
62	0.780950041155766	0.823263859984141	454.800031607335	0.310954587871423	1.20293748044494	11.2776740320234
189	0.800638421647405	2.20681922470388	648.162881373524	0.300744074168831	1.38145978726702	22.1345010886076
203	0.994708748871121	6.89116142624673	241.614156978669	0.377015303844305	1.01225217326241	57.2972479176417
40	0.788116092494506	0.724489490792384	268.590806588712	0.360913182924568	1.01873449757503	9.23470565631458
727	0.941341614407735	8.84490454095565	317.615246794338	0.350077133997559	1.1584279662959	80.4746596506631
33	0.676287601340784	0.394572152396942	253.244908390647	0.329047352087538	0.963955899583647	7.50126819449418
81	0.777188572175906	1.13277356222151	383.071838263932	0.330492245681399	1.2018463427676	13.2739288409529
283	0.975663819610225	6.02434773695958	357.119844631933	0.354316888272264	1.15946015530436	50.7633345042019
31	0.867764891312464	0.935833339112056	207.199565654042	0.40259895871264	0.848748970913857	9.35451033632272
32	0.688504184191487	0.494741056641416	200.721166773315	0.366192516879823	0.93481711938339	7.54799694855796
382	0.941242443132695	5.73285155335996	428.743433886172	0.31930395762975	1.26801672083598	49.6810465051814
621	0.958990688862872	10.5081997974207	338.694489702638	0.340932878797593	1.1906796274069	92.6691613242872
114	0.907596014132137	2.06483084732004	389.259890988761	0.355520107076835	1.2051760986794	20.0499167165151
1089	0.884540040352939	9.84966876905736	397.303130342076	0.338045126241311	1.21344343705651	87.4136387436158
99	0.961277766289349	3.10276346870787	313.365772522915	0.350488365547189	1.09146531239866	25.2583215108709
101	0.958765208958082	2.56015108113758	294.985607358532	0.360720636465317	1.04066156873678	22.1182219010099
33	0.910861775713693	1.06847769763064	153.653312682086	0.414583333333333	0.712481530951064	10.1436137621493
67	0.917248310517101	1.46574502445604	296.788806429593	0.376135344942684	1.00696075601537	14.6805756203632
129	0.968627363097491	3.51042194876191	327.848438277084	0.355912237519528	1.16151213334286	28.0157537894862
38	0.723693278493282	0.553360775163375	310.346190699475	0.327351210402058	1.03073855597759	8.36914613291028
112	0.951737969845504	2.9710186760724	308.433278503923	0.366076494204837	1.12421000510176	24.0780511723234
115	0.714409357806472	1.9744902450846	230.499095131478	0.380408636988814	1.01355636496825	18.7487860594867
94	0.853083805792531	2.24955200481253	278.418342702376	0.366280126280126	1.06338240327833	18.7008054891977
37	0.805639034913417	0.801645792032413	246.142609676052	0.423377722028559	0.847845168549262	9.18137975801283
237	0.986105370261598	5.94560663204702	374.959604054502	0.330565425426107	1.15693419671109	46.5917786522914
75	0.882697134067735	1.84588620490112	262.706369393414	0.341011223721574	0.998358755065414	16.1407676831835
151	0.841115244123843	2.71538802904913	386.190411536127	0.344416774902708	1.16083018043194	23.3091216754412
4429	0.631947773137291	21.8375371319949	380.55790931871	0.343422719785576	1.22790159292952	174.161409244578
57	0.814597947920068	0.991125608424571	314.063373915676	0.365104880603602	1.08084269291497	11.4051066445939
557	0.627004067840848	4.41269766637217	352.502067577341	0.353616627282661	1.18962310551409	45.8042927159755
55	0.6973101950511	0.633656802614479	379.253249162749	0.302327438018119	1.156558201205	9.95807060421545
58	0.775197097459168	1.21118547278966	296.890539112562	0.389652677289536	1.07768013492945	11.7593002352714
105	0.555201140383565	0.873076248601852	531.461451567299	0.301845379315967	1.34003846463684	13.0556689774938
387	0.979248926553386	8.44130448013584	327.068804448128	0.334108838813801	1.14313332074011	65.7181321034257
62	0.823007284800075	0.966141450655848	319.94970665008	0.340210176575931	1.10537520480132	11.9614258483746
136	0.915139420045686	2.60713861299967	384.70951056678	0.320875863283103	1.20439167040743	22.7426846010741
188	0.964172537117884	4.55358831485783	331.084243083989	0.345325918081734	1.15957782348647	39.0790578003984
91	0.942761157249665	2.32773083420275	266.609086005372	0.348421548662464	1.08357225482224	19.8689680262399
34	0.743934865606031	0.688029856291894	261.084069018035	0.371985842643282	0.956856262158228	8.28155154335234
216	0.943202697738465	4.71882720656199	319.250304154313	0.356075353431223	1.1364034810444	39.8705952809182
153	0.947082987887306	3.12838445412076	444.357452424772	0.32720377188681	1.25387360874029	26.761139098525
71	0.965667830756627	2.59926592873941	187.555612955209	0.405558101764809	0.86573344405388	21.5175499223639
727	0.713641770374139	5.3235529674219	438.35710312901	0.328487368847601	1.2814845829037	53.1301124710155
123	0.90221370843926	1.9265766812042	491.862557829903	0.301627097134608	1.28488873807121	19.4063928840908
129	0.857625508203772	2.83927481951147	354.031020988955	0.345357778429359	1.11753115058517	23.6829397701777
57	0.664018954330251	0.734014675555878	419.63231339629	0.350905638967356	1.18388327288833	10.146897030053
153	0.88456835962391	2.73887194448541	348.031367693555	0.344269858408556	1.16925885255592	24.26813621256
104	0.437960801846175	1.81460109708895	368.300607598758	0.34388919633814	1.15534337665766	14.2811189089681
49	0.961823817676033	2.10580379281984	144.630900274823	0.442250178567314	0.761294139885655	17.7590736072966
41	0.681775391825202	0.858388693699503	197.73706320645	0.419916415424437	0.965834538697336	9.06777357228258
630	0.879990828169982	6.90886769543208	354.520486524223	0.359906063810351	1.18057431729963	68.0863728940257
50	0.887160893970526	1.52149910282129	197.223886861598	0.4483022850966	0.834834852546627	13.2943102129294
387	0.966542976833836	7.91428180649245	312.887103797533	0.348373217503993	1.1217477105307	73.2201982858008
347	0.950626578571677	6.65020606193461	305.631118841918	0.35683044526477	1.15292093641633	55.9700530348931
97	0.743834424912501	1.04597855778715	585.527805065148	0.317424141659436	1.28340153208146	13.9156105653104
88	0.829612060939499	2.157046847412	188.708074254155	0.413020399497548	0.938228371420659	17.836391171515
66	0.85903009497377	1.21056261420898	324.143673995684	0.359723488704433	1.10906020039392	13.1252113818794
42	0.571964601367278	0.350370875189223	338.845271245723	0.335231683219299	1.06733099495553	8.07868152361512
641	0.974246504751576	10.8743220702802	501.494853935002	0.327279939134106	1.31550490828555	87.4111038205895
281	0.644064607707345	3.80799758539155	333.795579051731	0.330686995714805	1.16167441687433	30.8966771329283
94	0.69344821780361	1.14422103874785	404.214931611008	0.345184993556034	1.20775463096371	13.5537665917345
543	0.952463907988025	8.31816859788394	311.351827837067	0.363224772925242	1.14953411422395	73.4955125825038
477	0.935566478745866	6.50159302758514	421.346597395474	0.33661085988195	1.23963760172946	64.8175305335263
103	0.974633480776029	3.37307118425037	264.6885769727	0.423328849211202	0.979850935445531	28.4298317722491
99	0.960625751791893	2.7684704032703	301.98866103727	0.32789301592547	1.03235972209889	23.0829624819605
3358	0.976546230116359	38.0190342939039	330.241558529985	0.351772084312516	1.16359345290624	255.538097549592
75	0.905504030144392	1.8981154729193	355.411758792523	0.35662288326473	1.11898310059584	16.3023903305798
965	0.889776571838348	10.5252591862893	371.824208617962	0.341282063772643	1.21398402622236	86.7004529153375
83	0.804427525534552	1.0379093178007	430.06810429861	0.29902542449032	1.22534812186724	13.4714979199974
31	0.788866046960384	0.748478881900533	229.420529942136	0.417651678828149	0.877759548029817	8.43971057420457
159	0.78558389217268	2.26153637856858	387.319189129782	0.353948413343307	1.13595995589306	21.2657921010074
98	0.756799112664679	1.34323272947677	456.6140768603	0.303050915916539	1.2574587856183	14.7536816479931
55	0.672817393535596	0.67909952533747	353.961886772118	0.340335141491672	1.13697198264489	9.85296313153309
38	0.829386697003955	0.836466861193664	223.202466635832	0.429388781822859	0.903740006837365	9.55571301253633
726	0.977895459851995	10.7531711782398	502.627720206534	0.322880225478205	1.31200648803621	90.181264064135
148	0.893605389447465	2.42386727751347	589.078561374418	0.28444278812535	1.32478872185032	21.7696880415386
47	0.764929566299344	0.849665507217221	291.666687426435	0.353825189119307	1.01187613875469	10.0234632734748
137	0.978019038703802	4.1313781227697	255.553518051841	0.357147567091671	1.02861091476203	32.9800943523168
37	0.679840691682237	0.564517185754566	241.294215517198	0.375412320982337	1.00964126420367	8.20491012326403
276	0.802407647290375	3.79996001638115	292.97723390903	0.361903850753408	1.12711322147703	32.2855569929212
343	0.913973355670415	5.85766058877905	375.844666574492	0.344933267096051	1.1930569096414	47.3544611755147
60	0.948762489058828	1.80191267887996	198.614632496456	0.415801336294695	0.938992824318167	16.4341515665912
72	0.86875426383228	1.32516222705596	316.154161302348	0.334080254040374	1.13599686919018	13.9445328624665
153	0.929981588356367	3.24911804145868	316.163788533192	0.341244220126691	1.13335604490428	29.5472636466571
32	0.851515774324851	0.747050897823633	198.099633337205	0.397678726595135	0.902691135806661	8.88819441731559
369	0.948009129423879	5.66275698737023	361.030693731164	0.32239947781833	1.21269769226794	48.4744789720353
115	0.945254794680361	3.19656447021974	222.953836414213	0.401952047069694	0.937616232934352	28.3216137564954
65	0.902285171974667	1.28604227196039	313.04059318398	0.370506482748436	1.0442955144241	13.8367812545823
114	0.942932371656585	2.97607669143519	245.087605510586	0.392468958546307	1.01806525544804	24.334507784543
49	0.953382641139851	1.87637026335504	205.46952583039	0.42635702444526	0.86225872158399	15.9130686624917
220	0.948884951802728	4.24420340236935	447.517761391187	0.30307406142419	1.27802792109369	36.1574538969139
157	0.684420108224668	1.76917996727951	674.067823845306	0.296787731947271	1.40632627858882	18.0468085650115
45	0.768243463202481	0.758781479221583	270.712939117881	0.352994531700414	1.04141678134857	9.66750404587546
487	0.973731246839799	9.68324781878418	426.425362289853	0.315445721174004	1.26324739929047	82.1481930616019
153	0.941251050823349	3.09196355178821	412.721213322471	0.333267451836609	1.17572705311846	26.8973984249787
326	0.971072815059003	6.42371370939891	398.413970001166	0.3582398372758	1.2579941677563	53.136817252184
728	0.836981147361332	8.30333511889307	389.24027954899	0.356676812142232	1.1991062612677	68.370631036029
152	0.882870120677797	2.11869080643469	587.023719073834	0.292570266875791	1.34763553318567	21.1376945205118
96	0.955241426993975	2.4857690145152	287.794933905927	0.375988079037911	1.09449973868867	21.0862222816502
178	0.9235434899353	4.12731604050424	242.995055710448	0.404543456176499	1.03158543948084	38.4137955616494
53	0.761831710048049	0.795725161848909	313.069840947105	0.335620916631297	1.10000206756572	10.3344396401857
105	0.844192487732108	1.41753280466797	479.307273351041	0.325143135501335	1.29035693125711	16.1902807148074
69	0.895801021600803	1.70728351759732	247.944010018258	0.359642741552454	0.972209000134569	15.2459460169282
833	0.793522283326492	7.05831400481763	312.499469818126	0.361916153840735	1.13623165762694	63.4632153073007
280	0.933697871041492	5.18602885501283	414.348005031801	0.321999023681895	1.28002549881948	44.0782084335847
382	0.969075696486183	6.73166569608607	464.999625414722	0.3149651884417	1.30827286632979	53.8420822994335
65	0.576817702877429	0.518390708250639	439.624184432872	0.318014624115855	1.09054567900111	10.135740524337
488	0.955812697554884	8.16967763750883	348.933969388361	0.348182644248888	1.18792678678747	73.1691637573668
91	0.746990779514239	1.30595652563185	373.247070716636	0.333215390932571	1.19703373634094	14.034593098969
31	0.750462947976237	0.630806120534089	234.793784236517	0.375829234703915	0.821595479776638	7.83972962170173
78	0.713920486381931	1.25850427829653	305.57398357148	0.325646893196685	1.1449800995135	12.9930646554065
58	0.800648692943433	1.03032962093076	315.254173816919	0.342111219378771	1.07710765804128	11.5911396173337
140	0.761717559900245	2.14837002233174	414.66099872996	0.371738796444679	1.19130243663544	18.867919127432
228	0.865608990647528	3.16927721290834	661.542870299356	0.309253247477957	1.39191353108572	26.7570109504346
61	0.789027120862466	1.16940183639772	271.147555389797	0.358221829078275	1.02776746064036	12.0094964364073
391	0.508037076561047	4.5727073727066	333.554720004134	0.33457349225313	1.17598014737437	34.2422327242152
338	0.957808996790273	6.19029994796941	386.14754912907	0.31790738998596	1.23053396171575	52.0781812681517
58	0.899150676645283	1.30195610587059	275.821486416404	0.361475107805031	1.03797017218048	13.265099307554
188	0.864053689567819	2.81772392968919	424.812264933445	0.308276800511349	1.23816043996573	24.514048922656
47	0.797088994417	0.731382831205146	293.908882150784	0.35652257559877	1.01874827940051	9.97643617431028
294	0.962292999962534	5.66260570101634	371.777999385505	0.324178261607104	1.22184702300025	46.1450712074129
532	0.853869413551089	6.16621321856137	368.023757688642	0.341465862982407	1.23425014300341	56.0714632859275
31	0.77962864427256	0.609361143285776	205.366305745025	0.371166542399939	0.920255498452748	7.92977786211948
96	0.881067130625387	1.67312249743323	407.428500505606	0.313023224095242	1.23791978902011	16.468802320256
587	0.985811091995291	10.1652394009939	544.29685477402	0.320325332520665	1.34903552039874	85.1272644613591
124	0.967246135864037	3.42846490186165	344.765733724636	0.350576120615336	1.14232590132363	27.884987371925
139	0.75786029138904	2.81907383647477	286.192182911545	0.37752647335242	1.06623246418281	22.4140331654359
216	0.974542711841999	4.89349132682859	437.310948982203	0.314572464523378	1.22807615058097	40.5181516872914
208	0.914456673105974	3.43362257334394	471.912411943349	0.320919727942352	1.29805264617413	28.2438062677115
289	0.882023833290038	3.8389075304053	578.994691900693	0.303503154543878	1.36408782288335	33.333451334951
39	0.949518333737583	1.78481058793284	195.036405560012	0.33930283442686	0.982042095106161	14.6118824004588
103	0.89681045810792	2.48228598654747	402.227062478697	0.341849227629737	1.2016566189034	20.1372686020548
346	0.820872938945759	4.779724894053	424.310347768776	0.337758119568616	1.23443928172917	37.7488082063996
459	0.895433133961351	5.88086924942677	374.856151199077	0.347584001007414	1.20646471928459	54.0209403235876
282	0.759020928440278	3.32597459147504	419.480053347891	0.329234979999498	1.23988124102028	29.7120639843608
181	0.795231965075505	2.37994602563336	605.670586304515	0.314040925350704	1.37895819190442	21.4128236090853
314	0.960042710595814	6.40708461339957	286.075525598233	0.346297703816886	1.0738658753861	57.6560500045144
409	0.976589455796544	7.43905466173401	492.046224614132	0.315545956924634	1.28788547156114	59.2278917907102
136	0.863108401300621	2.62945164149975	295.498262092229	0.358228669153039	1.13747361119016	22.1758251755459
84	0.983696602588141	3.23483572886598	166.475152333932	0.394975686740392	0.8163562073715	25.8705311689495
542	0.690277089614858	4.81774608581543	435.285569551731	0.317659336980823	1.27755718904094	41.5178652260447
138	0.910813866025288	2.73681621172448	356.369107588452	0.32706731470153	1.16330446678072	24.171146366843
103	0.946723937049941	2.3017136442582	309.647867748224	0.37745743762451	1.12352234646688	20.5674751280784
425	0.962170684044735	6.3882548505662	622.360497017054	0.30056371328948	1.3920463900495	54.052971041345
131	0.984936728964369	4.17236863077639	257.021188223808	0.370531180327561	1.06793902143941	36.147525707165
85	0.902877173280624	1.77108821606719	380.403785870233	0.323715508656685	1.16198617464022	16.4460825444377
69	0.712820407245875	1.54453749476788	220.603312560505	0.392193911628301	0.957415431254138	13.4062178496605
53	0.895778972281674	1.67447942726603	215.565607457844	0.432783273959744	0.802094649002124	14.6092943811364
193	0.768498771516971	2.62796833784742	579.090197342807	0.3023784756244	1.36150147853267	22.4958525926341
141	0.558252963382328	1.74717184578318	558.312022079958	0.32088437883845	1.3082358357901	16.589613879542
237	0.799843838265012	3.10780608248361	668.453657611486	0.286990751972849	1.40760806025183	26.3068421530457
477	0.966860677036622	7.55526685741448	456.45309844139	0.327335289342633	1.30511264970383	66.9275829004082
257	0.920766154694957	4.52325264469439	476.226433260481	0.309741712886147	1.29323129141978	38.1770604238141
208	0.986453575886368	5.91408980846765	306.887060714162	0.36679644945141	1.11652239947611	47.6206568445802
368	0.861014785892612	4.5100279643443	678.184107410174	0.319897338422111	1.40276617381366	37.3877801542117
3004	0.729918721391732	13.7582419245351	379.877987027768	0.345027465657155	1.23679333931882	122.896053887578
43	0.882541912916806	1.27440869846844	208.970901982832	0.456019789793104	0.869518705257276	11.7774751378176
39	0.87197880091394	1.10167060234857	167.392064992805	0.400747144638547	0.878831908187508	10.5240730535721
56	0.793128443030953	0.886863115351674	327.845434343924	0.312235538706127	1.13616102640609	11.003655721189
232	0.939119081082118	4.03263603627145	551.998042696992	0.302622218093027	1.35428045582036	32.5859191971857
39	0.806317450672824	1.02651037143686	193.853844372524	0.462289391081961	0.861023749674538	9.89894720496551
264	0.896153896687507	4.25609720039805	518.765185167584	0.323474524358852	1.29649947840064	33.1796118029251
191	0.994307247849734	7.29374717792642	196.243350729118	0.396378904614199	0.945457110652424	58.7461520004262
897	0.925233822644404	10.6824392805855	324.331481371295	0.354111829241384	1.17811345979967	95.1408305536341
660	0.974449983617193	9.54927066259531	484.631115855164	0.314323990794579	1.31605471066875	83.1750925769319
181	0.71770415337306	2.33282390411036	496.022304514479	0.311637046604048	1.31822774132466	20.7996175264776
380	0.928998143103774	5.80495110228104	462.847927111466	0.3260168153623	1.28610170676569	53.0622881757946
365	0.861723459180261	4.76677410936282	497.09232186706	0.34109530877697	1.32019899994642	44.1168191062655
393	0.809261466781074	4.93797319265066	384.350449096227	0.345689782626856	1.24072334316683	44.799375443979
264	0.821927485450852	3.32710072853139	600.369016548957	0.313709862679335	1.32749922070493	29.3098521530431
337	0.960467457329434	5.88288288133459	504.882417513552	0.307185898266938	1.32559554612122	47.0296068122312
1218	0.634492479794105	9.16318483463492	371.139849531228	0.336797441976946	1.20827014080006	71.815193001194
44	0.667969225918348	0.799090012343032	265.803218219958	0.38093151705092	0.971295979959817	9.19209795617043
39	0.51013212527483	0.389376095621168	271.230332284141	0.361545152347291	1.00332135762361	7.61560916316234
34	0.885598541521361	1.06525994929921	163.340921486979	0.402504341445518	0.861240645437592	9.95690485053939
195	0.924226800742096	4.08111478196796	289.563014869214	0.377147639226451	1.0833011389331	35.5448489374646
107	0.954285398128926	2.91149506301242	261.605171168593	0.405388269824256	1.06895891965633	23.7956187056485
87	0.889488814925178	1.53493089090951	404.170349621713	0.315791787262375	1.1934154165171	15.8566346394083
798	0.862481977277863	10.9285459633236	362.947986638544	0.347295735722239	1.20639286283295	85.8140306572603
457	0.817326502968904	5.05359570229162	291.10139596617	0.371747890628867	1.11077990635439	46.5522010439965
183	0.944975818636011	3.44736203778189	413.664330717038	0.320851136041786	1.24252526317977	30.1699987293037
31	0.430745207505233	0.401395472217166	260.172178952037	0.370604725291632	0.95416763269157	6.68892949500091
164	0.919692540630437	3.41719662467515	308.513259496447	0.374090217876355	1.14731693081223	28.0542463766715
47	0.776950867216667	0.783667276944933	316.566961565601	0.333318206307077	1.04004588990092	9.88933644337448
238	0.951014284324639	5.37860090427312	308.974484586586	0.354102714121073	1.11792344546618	46.0684807959942
114	0.630651562208497	1.79934249509547	377.998154652399	0.326681832019754	1.18203377925908	16.0210346916476
140	0.849728130978998	2.0855018882849	305.195974885809	0.375033001581581	1.05106890095521	21.1357100284525
186	0.901150374564298	3.53491727631111	284.738493429698	0.374103648700025	1.11610629198555	29.8129559255451
202	0.842034431334148	2.82517450890191	441.067206962041	0.344974528228596	1.2868224988811	25.2938105145485
41	0.943146178410789	1.56824520915454	180.091107312002	0.391667548760974	0.841910842458558	13.3682548237349
234	0.93904564389523	3.92821481041775	407.789510024336	0.310287699509807	1.24726459862719	35.2721150194844
587	0.896776776358815	7.86595477154769	326.978813319229	0.342224446612315	1.18359628163988	66.9332696084265
127	0.91873185241827	2.45202672041699	375.523476186021	0.35404347834886	1.2028857482643	22.0766404526374
268	0.601925900426499	3.18995984283731	306.268053937205	0.334268306884247	1.12334426855103	27.9451790513604
92	0.58271304718632	1.61857293231091	279.897280727322	0.359652206215674	1.08534686987567	13.670370782927
38	0.825364791906134	0.863573666187486	217.834895378819	0.379359114377017	0.938325545769011	9.43009989511454
389	0.866630258723773	5.47416033915029	403.05127347792	0.330089584519633	1.23568088219642	44.2052182604094
379	0.700257386360478	4.68938105612688	398.713609413011	0.323794224654519	1.24029274620509	37.5826025295912
139	0.797145705022155	1.35489022811206	641.645352852252	0.271724965307853	1.36971869949391	17.3922050945761
340	0.954195954822482	6.24204400899333	305.535908287896	0.362089468391693	1.15231365696483	49.7688910701426
110	0.658411624412647	1.1399329060706	563.977465901089	0.289510206624524	1.27064449688834	14.2079015905053
65	0.784418428841735	0.934346359251215	364.617808502983	0.3338645672053	1.17572788970998	11.8771264959111
302	0.887729437404887	4.04003758499432	377.879637801794	0.343084207454621	1.19301217502674	35.5765824289502
38	0.752320302690456	0.644511116792094	235.12947928883	0.345300106929066	1.03152330789851	8.61800130624433
47	0.973496489588692	2.13820333274098	148.058240950788	0.451952662721894	0.684578174524029	18.1413223673616
155	0.797387322995372	2.27524288091621	489.525749948046	0.309131384932564	1.288369805368	20.0622607593418
37	0.817386714943456	0.76920613903435	238.490329785878	0.36239277415748	0.953611523236867	9.13996142019999
1082	0.966910291968096	15.3126629914021	338.396955953543	0.355722684886772	1.17341006001897	121.498197401051
114	0.876695488483241	2.49933490021385	339.057699233979	0.337613579131605	1.12968011439539	20.8553881380875
36	0.908788098130603	1.12655854660791	187.846547618404	0.430478955007257	0.682733248305006	10.6777291400155
513	0.978881969837624	9.06383877713781	400.576956726381	0.338694465438564	1.24292985139242	76.5954451353311
37	0.689449561197016	0.753165959335485	262.744144480488	0.388493728052551	0.964438921550496	8.40327987100059
250	0.944458311760588	4.71814451004523	377.887510631818	0.343025346810513	1.17901079515317	42.4700125926602
44	0.906465011190275	1.20272540131942	298.947186315277	0.375963596472815	0.943004306813732	11.5839228990789
50	0.681078661617331	0.548489019092834	368.829448813955	0.336089060590339	1.15220278073771	9.3414850147882
1256	0.604309959406821	7.67005834436636	471.688660101255	0.335507031230461	1.32360063787212	69.9939339508217
39	0.907513174494972	1.23622080717585	181.198872485833	0.478270459075413	0.792556677337806	11.2825743530767
56	0.901716724418223	1.4209021229571	217.496532171091	0.355349576337812	1.01393596899448	13.4472784813478
39	0.850558941315217	0.852521845618372	196.615402490659	0.317603896150609	0.933488708057077	9.76434770303178
138	0.961007927582566	3.55213903300779	290.679872197177	0.357618284347696	1.1100293641781	29.1263310360755
565	0.841421981290569	7.5352392276964	356.568609648813	0.364844909800461	1.17522678954155	63.8505629659044
77	0.783119844667759	1.12668562608004	361.308353966418	0.351154452752765	1.16547827565057	13.1614432963618
77	0.916334956751969	1.74987262767215	295.361661260051	0.352483776446129	1.08938792562153	16.3666371915963
144	0.868490556581314	2.53810281316767	398.009063205601	0.330244497517225	1.19863056256907	21.4875587538335
578	0.862815964650048	7.09609369497648	331.51969680428	0.349955676324844	1.18731223013514	59.0580847556693
847	0.939361027592997	10.3591896326434	416.14187231567	0.344336374360435	1.24434483987399	105.221730992976
126	0.795440585748843	1.34704796425152	594.594320543266	0.290721979438186	1.34473450707101	16.6534606907561
232	0.880167136125992	4.13780549959185	312.512046940196	0.350645000337391	1.15656543133635	32.1566386791094
1193	0.896103826675443	10.8945002563496	330.300734413908	0.358803848989004	1.18565670182201	111.895821649038
481	0.955778140985299	7.06185680912034	358.73573846143	0.350826424727895	1.20361060374483	66.9229344125433
138	0.968868076108656	4.13269691695635	272.146170439508	0.366682225211637	1.06812199959779	35.0366415182674
53	0.633787112985063	0.740029224218308	272.625049513853	0.332294598768709	1.07769808592382	9.67055835050855
54	0.951970914057276	1.83751581168593	167.867201105636	0.443441512779748	0.836863224462279	15.5682188369771
2698	0.856060788047407	19.0877635979966	368.079455143754	0.349216534876341	1.21631972912744	147.030871926838
65	0.878635854982897	1.71704966689194	232.87552128524	0.365968318598076	0.996425878269243	14.5607576426621
346	0.898791750016653	5.17785528118898	310.898708630877	0.361126011620418	1.16301468011692	45.3694477606242
1182	0.858389109838648	10.2209637832883	427.3690022974	0.337934987594244	1.2708609422111	91.2691989036755
242	0.911456632345234	3.99604633314307	336.070927903993	0.343596824370394	1.1435209152041	35.7665855889903
32	0.726893727901226	0.696993846206745	231.336456771565	0.418407471534407	0.893020251115989	8.00213776113259
182	0.635063674419853	2.52937932451068	391.75857998102	0.380509020317502	1.23011111536328	21.2190623923045
59	0.880892797373978	1.28130114691959	284.386942999876	0.367013184359868	1.08761962918199	12.8493358398583
172	0.882293026559078	2.69783403998791	490.052154986566	0.307898682331384	1.28725968624133	24.4034711149175
560	0.911831024829191	7.57209979921096	357.828418957401	0.334578984171166	1.20225275450405	63.8091593314587
189	0.915447520497301	3.51890569345636	298.314176886547	0.360356214837916	1.11900161112795	32.3632308958835
741	0.915537146133496	8.86593633144682	392.762689581867	0.336817958036296	1.23393048928329	71.8504093622969
417	0.933306391737808	5.76939458582378	421.61893573874	0.344259835888795	1.270534801619	50.5712901782063
187	0.896281786512109	3.42100291079425	346.754489658208	0.338505879204773	1.14634317988845	30.2512026014895
101	0.763321203038555	2.19762093586401	218.584731660552	0.383737971973266	0.952280756543908	18.4000758480094
755	0.934700376487003	10.2394172247199	416.936662233016	0.334727944002446	1.2657458248113	82.3630644938564
187	0.932416500285825	3.35937193814136	375.020885452396	0.328324559097857	1.20496414824249	28.2694967921183
111	0.81474150698699	1.93381408269341	413.388056491891	0.324175444380048	1.21262392477937	17.4881292797164
41	0.586975265015331	0.39783422143868	262.392892687154	0.335305967864107	1.07001495155475	8.04682479202608
35	0.519181214748759	0.630394459328699	231.857019160096	0.384650755872475	0.897757284641488	7.5198849299782
62	0.581511533162992	0.837093721576224	318.366027079729	0.343093355981325	1.13246328927415	10.3783319559413
197	0.88856089821053	3.26770875302685	435.101420933281	0.323328856556202	1.26072553010948	28.2193744836387
67	0.599194878801629	0.704007808938602	406.943896501127	0.300188430964902	1.23063343222172	10.5466091507203
43	0.762344145093157	0.686774905655431	257.729270995069	0.381818763614429	0.984982647118942	9.35648251641143
991	0.530722325060659	7.70778130034484	349.62087163455	0.363150149796398	1.20471702010098	60.587692074124
98	0.954083656653066	2.66317534529735	291.816116594207	0.368212509581966	1.01727276609952	22.2097380578797
779	0.970441614363298	10.66553856938	422.634743224571	0.329501697436616	1.26531359911482	98.3726919682724
74	0.934603381606565	2.14036286102238	266.631045316679	0.397847258232565	0.943329242809199	18.4122664629079
267	0.821252963778896	4.09463169897657	381.125701066184	0.321049241192713	1.21719542277494	32.986924054381
202	0.934439993550491	3.93763817068657	383.626008900188	0.327724584060817	1.2185659412465	33.6040078006197
396	0.578377269611034	4.04324218332039	365.468625863295	0.353649122388618	1.19462691662243	34.7264253905941
329	0.392156403412227	4.02465899540947	300.14126481853	0.368346342727851	1.12305857369234	31.9196574525443
498	0.947892857240454	6.54757003119747	710.375526331819	0.305526924809365	1.43379997465464	56.0857808614684
194	0.655156304749702	2.29776721372899	303.448719720225	0.343183085128013	1.14677234248219	21.4912131748652
320	0.804789301548481	3.46168596013187	342.531289552929	0.346226023005267	1.19778697107548	39.608212555012
147	0.743444293684473	1.53135346135223	554.395478836984	0.314457364022581	1.33114491118681	17.7182246451149
52	0.761858880286616	0.949628302243676	320.981335787764	0.362077003612155	1.0780779726661	10.5264050370033
76	0.909187887561562	2.23930702690223	428.427002000448	0.369600558654267	1.18893663204066	18.5393629457025
769	0.865769806121229	7.34065193154486	310.064322001035	0.34732137234439	1.16444934613593	63.237413579241
130	0.894629097753829	2.47851824544504	395.422838687628	0.329128604341586	1.19783170014707	22.0473841933479
111	0.869548762454174	1.7607895559833	488.344829697314	0.312130144489343	1.25643578590946	17.6584032958859
212	0.671463907730915	3.23133004618828	294.746348141386	0.384798742634037	1.07503701693935	24.7780425452418
277	0.949022736602167	5.21865412559835	332.063447152244	0.358748228771758	1.175038894416	44.0794271170803
72	0.679927344005947	1.12408002984924	336.3779027551	0.346336865809482	1.15435702822837	12.1486240418693
56	0.920001828032304	1.5406078731138	231.708012082499	0.385878107784802	0.991274555638313	13.9522846133598
195	0.797060674012961	3.16739758301962	363.476358772867	0.358197096922889	1.20058710729361	24.7271140107652
47	0.956365814801683	1.83852746081632	192.131695039432	0.439607158765596	0.859786003316319	15.3235465017005
98	0.932056611303605	2.36656377153687	302.551251762135	0.322571455457657	1.15702867129734	20.284770942325
103	0.909597032375744	2.35167195718859	306.517799090801	0.356576238342765	1.08952647721336	20.1412435116928
85	0.865252530336926	1.8053762367943	335.014273891193	0.388277453924512	1.11999086596777	16.385435181353
107	0.620340926113469	1.48651486244047	497.036636853347	0.331581271373659	1.27590615832996	14.38598024871
91	0.595335694189219	0.63336701657886	536.529651921171	0.313230295833711	1.31331455651052	12.1528828183817
213	0.86489896594035	2.93118712886319	354.875905972733	0.320511554057489	1.19109803288559	26.53422335807
310	0.951777766339917	5.27150355278709	390.025756918727	0.360366297508124	1.19679599744891	50.8111242273694
43	0.930013795329281	1.28676201753246	199.489087273759	0.389947413476825	0.891192419923586	12.2568429642752
722	0.895239142216103	8.92716741433288	346.05472990635	0.338497509731784	1.1959544305393	72.3783914987783
204	0.780807110010174	2.45175522314444	482.896136552975	0.349281211587781	1.21489228107329	23.3388385198392
709	0.931860539797722	8.93373885828108	403.837111533371	0.33119017253471	1.24104828291352	76.2595951440315
464	0.979030976312782	8.15641275558277	488.977085073795	0.338699674568838	1.3153445750894	67.7906518286243
47	0.665168949635441	0.636832335680173	320.10054943638	0.329970583277419	1.07094890210284	9.14297699658211
2757	0.932654706429341	22.2857715555297	363.228485058571	0.347034945512454	1.21654708899679	173.984445730396
301	0.825313008892605	4.01180444428338	262.094544857955	0.360684343437527	1.08248533976263	34.9171636822639
463	0.858410761536594	5.6787802713025	392.492390663351	0.334989778356919	1.23113246974036	50.1610105041016
422	0.750795047536177	5.28801912152075	303.963699193255	0.358513564616294	1.16350411231723	41.6970001146032
67	0.894066409979095	1.66488949065978	248.420589202494	0.389454360020398	1.04266030824471	14.7248971655229
182	0.871931843487862	2.96980938925322	345.904058293359	0.349198940598535	1.1667693833241	26.4105545488314
126	0.810878726533484	2.08375196741205	398.882922919422	0.357759272693596	1.20223860930388	18.5295893822808
106	0.777217579395025	2.06129584229501	362.205171647566	0.34270742579059	1.14829855943392	16.9752619907193
146	0.812087953289655	2.40959876983068	358.58666560749	0.315203539716558	1.16992324907981	21.2889644460249
77	0.693214328822576	0.85190084617697	437.121670099119	0.317492292369838	1.24036672988295	11.8910505436451
34	0.883050128424341	1.0483101947716	200.018097440873	0.45108380150397	0.786350721105438	10.0767759366728
600	0.845603769423631	6.14967840718976	352.77629306732	0.340255053259538	1.19436759029074	59.2297724949048
2591	0.577353378896475	11.5066413044473	399.545178931406	0.345883655343076	1.24549819222298	97.985834164892
36	0.543905643924901	0.298125322686898	300.724877080855	0.3455952235364	0.985929160740499	7.34500568709188
78	0.688233908239489	1.75696278064648	280.253442869896	0.403280001397648	1.05716508477876	13.9633908378459
185	0.957496875835487	4.62759456692609	212.649519878924	0.399290139623103	0.976254390597119	39.4842572468332
156	0.839637242095212	2.44077627366651	463.81179298767	0.348146113394982	1.28444876593733	22.0696367322202
688	0.682943079241351	5.84848408508711	373.507791537391	0.336667854990824	1.21981002308983	49.6392884364908
435	0.873721616873419	6.39009129712855	342.266916302301	0.35658794999743	1.18338845819242	52.6240648366436
407	0.739952314253488	4.19549454663794	315.151206638688	0.353310661350168	1.1412501330675	39.2925073124293
245	0.924186641520603	4.43816332665876	258.551731494469	0.394792254698137	1.03263811371333	37.600669314834
289	0.923062309351912	4.99603986905669	305.056573705509	0.345939223641002	1.14410944596027	42.5786700808266
132	0.869403521059611	1.831237858939	516.957001478309	0.344056208502691	1.23587388869433	19.3340069148367
45	0.834503387397213	1.32821838232999	185.652917380367	0.419308943471839	0.779742531059766	11.8944304619641
159	0.92742805597069	2.56818888703057	483.341177463364	0.312785790315202	1.28212456846399	24.2681498948064
1326	0.761474326715774	12.3591159644073	388.041111110765	0.340184930279191	1.23225134683652	98.722130676294
226	0.799864809629078	3.12146733752876	317.489497440787	0.33940835887705	1.14763737834428	29.6826002977973
86	0.691930768879659	0.856259532604226	452.855111693377	0.324942532286314	1.25257659084896	12.5234513652329
4396	0.658950433409764	18.3019143206511	354.270506640707	0.345285671277029	1.2084837668598	157.349042944709
174	0.39563322691997	2.75392437373745	327.528863094822	0.368131679511169	1.15425531186618	19.7764967073627
52	0.931999331503786	1.49310679962543	206.250744545886	0.403271855480513	0.981197235251431	13.8390464751633
1141	0.905555540174558	10.5664348321183	408.24552832847	0.333101927909931	1.23327532932993	96.6762865325221
191	0.799363582569268	2.57684402298645	479.510970109998	0.313825920048783	1.29395498882173	22.5154630511276
73	0.880253531576274	1.41710989524386	328.576360530335	0.317167112776269	1.14897218151417	14.2716342208992
826	0.954713186062369	11.1239913323415	388.481887284535	0.340009419973679	1.24315289201575	91.4729669041194
164	0.750265027023086	2.62402138129379	325.417277085996	0.338057350368043	1.15400782225621	20.9561529293797
99	0.745754023123322	1.03009863826962	603.119241546225	0.296449492478904	1.26916171213414	14.0146103501189
91	0.958876938722266	2.67352640177642	276.970987424626	0.344095316723039	1.03288985398658	22.5498239099543
45	0.858009388766402	0.996753702816177	223.251512377454	0.354227321951107	0.928377239941493	10.7388057559052
977	0.937043061319008	12.8448006642806	405.207453161823	0.331373736272786	1.24952808519863	110.922915730598
162	0.704483720400123	2.55900253512596	243.812954900106	0.387740791207551	0.981591197482297	22.2973536407605
190	0.932529205272898	4.00203560384566	308.179214666913	0.357594415980639	1.11068301561048	34.2371675272674
191	0.933757178760627	4.2102676398441	320.682950805825	0.34178819966078	1.14471365896369	36.1725933141282
262	0.974705022949212	5.5151409073065	435.177716862177	0.311523793092421	1.25361176089258	45.8094894131766
127	0.774538677291092	2.71332476134232	223.131528177708	0.371784051724933	1.00406080137232	22.9886454390302
290	0.893267467523207	4.45371803338751	358.679332709776	0.360842493374463	1.20598402929798	34.7432523741032
46	0.436784595502298	0.729971517580149	337.004859340848	0.278870457235362	1.17405404759308	8.53943996979212
1880	0.858926312740592	13.1851492545561	350.414621331275	0.344865010013062	1.19835598325731	114.85371872371
74	0.65078027609132	1.24706669456202	305.394772605544	0.355495148995149	1.15047130800699	12.1056041595598
38	0.802468185900795	0.81123898920681	193.471289703187	0.430201313483047	0.899040231880566	9.2630648264345
948	0.941219864087191	11.0839069513635	364.448559723035	0.348744711919054	1.22387201696796	93.0918630219032
128	0.916570648472761	2.98234369972872	296.89899713157	0.361292507637453	1.12102159088219	25.4903372314503
106	0.863948189490797	1.87759657460812	368.294146095759	0.313920884608821	1.18453004727947	17.6424527151924
653	0.874045486794061	7.73352775493771	403.006581476693	0.318657988337884	1.23561846439643	62.3055712274906
139	0.85351080910192	2.57085956185541	394.950819920296	0.301924060349108	1.21916750202594	22.3451281391146
4702	0.833411943553065	26.4593297529635	379.764183340386	0.341207739862776	1.2351021859227	219.522261634649
47	0.632433698334604	0.529463025801762	288.678418389444	0.325112785657594	1.05531833704866	8.88478106626626
864	0.817818229025574	8.63719160547905	411.262023340493	0.32540934412334	1.25842571083406	79.2665381843646
199	0.902541231656911	3.73042070584627	280.303042374444	0.350510966374344	1.07698247350845	32.4818118153309
70	0.67677597002276	0.946637687033053	570.425422873473	0.282268790509967	1.31243867688352	11.5294828551435
311	0.788068555300819	3.49910491809692	414.343924902344	0.313665844133134	1.2690287605615	30.0099795549517
94	0.856874409717014	1.9822458619521	231.744209906282	0.400741575402833	1.01798175470054	18.443720120628
472	0.789909309354094	5.05100142921723	339.797678038684	0.35284694420731	1.17735987468356	43.6755331779553
115	0.923165080289759	2.44324441881414	336.42373642123	0.309925766433409	1.12070908166014	21.4143558536126
47	0.918735818312487	1.50063519266719	151.779088754961	0.404009833165843	0.83771776512988	13.3648946620429
585	0.92837706482036	7.24204593268873	441.14486739952	0.326513794740753	1.26538381997068	60.7190798022456
274	0.557207861853102	3.48093350283202	412.362581197915	0.32180980088853	1.25677451333931	26.9342216353425
1014	0.819908651476951	8.90855994762176	331.136910859026	0.35704532391381	1.16597953898103	74.2726212092554
426	0.746368981503864	4.09127645918402	363.911300283385	0.329492580030525	1.22264340525689	38.7921215354772
240	0.86321651205771	3.06014385171957	689.809062119996	0.298932587098677	1.39923661128095	27.6717682693601
81	0.874154336006261	1.85375351519095	248.298573574485	0.389264407340532	1.02893252015978	16.4686275119527
385	0.959109496619986	7.21054356650494	438.303226326408	0.329823584674828	1.26693574199591	56.5162243473989
192	0.931656258164298	3.45330008662787	439.874609526195	0.317475749501693	1.27638335547974	29.5941707218059
92	0.666898466430022	1.59032209565961	340.704147395598	0.364702390584743	1.06751942607307	14.3573390751906
32	0.879911652676038	0.918436025167504	186.654101508753	0.43063878357996	0.874082262740665	9.41037087904714
361	0.73668535361801	4.33020281450724	396.334900734824	0.327998736901283	1.23029644411017	34.5998204412287
236	0.967243528836303	5.62278316660005	264.530157802372	0.3724977267803	1.08493206203737	48.6025905628317
74	0.910378487830489	1.82675985030575	254.049301389774	0.327452673165535	1.1122482081936	16.2312094823432
261	0.830117900505027	4.00812134970456	342.116752857535	0.343046331222057	1.1809796664818	33.6203965146733
42	0.793737196896614	0.81991485444603	198.948314910448	0.385838249367661	0.934806018116682	9.69372039302231
52	0.939231250605679	1.62516844542399	195.524577266543	0.376663705453938	0.893576991086841	14.4582252147729
3984	0.70375740870959	15.5863044039302	375.46308601205	0.345807157648227	1.23455935989789	134.0825411254
47	0.709554948350927	0.510167943089448	391.242646947387	0.332562618727324	1.12891713253524	9.19845144241046
69	0.828481045260057	1.69429610220237	186.11372246811	0.459595898865676	0.899544332222665	15.196819181505
673	0.800402354244233	6.08039556463257	306.784073068819	0.367972085822485	1.12076800811755	56.6475283574271
134	0.943917579144767	3.14359012929669	262.230505895424	0.347098968192589	1.06595887853873	26.7148776482395
49	0.911708357925204	1.50328626381897	200.133519879003	0.442724545812781	0.865416852624891	13.7101549826633
1391	0.905331908034448	12.2630977195912	350.787363616662	0.348243929136056	1.20430338056291	112.805322711873
138	0.881634371845458	2.39417702702233	439.303001153388	0.328437983527498	1.24139267220346	20.7988305331228
72	0.663706242739575	1.44224949729133	291.318921439896	0.319010388309341	1.05803969782426	12.1224308528359
1208	0.920325834711781	10.3151345459701	381.690710441286	0.331870005627225	1.2353792548285	90.1212306201552
3745	0.770821570749706	19.1366004560212	379.007863546965	0.347305415038781	1.22696118060504	158.506942413942
368	0.924760557971	5.67753063446023	276.579141883357	0.379594279096009	1.12004899442102	50.9368907949266
198	0.906398946416153	3.15642514559792	331.780529761328	0.339112463007848	1.16347888087035	28.150891268858
81	0.800929687251412	1.02950279722706	469.241043347714	0.316032648965175	1.22853259551134	13.3105949346245
38	0.892643209835533	1.17582608669157	368.415144267815	0.26769121767843	1.17037829392962	10.8197337250167
546	0.867574575928311	6.37778791600636	403.577615720152	0.326142971454838	1.26303610079752	54.6655586310483
67	0.797648638639609	1.29218388433691	309.175455367786	0.368152519034872	1.1132616922028	12.7237864413267
255	0.623806726783626	2.70533437175098	248.067108031605	0.386473887196986	1.0606553244117	28.6620278200765
88	0.740438325855936	1.12930945947209	433.610122499304	0.313650666712301	1.20762740353476	13.5431794614718
1096	0.864713571208371	9.74199034848279	357.473293016703	0.340560171633364	1.21413942817305	85.2295489172322
3260	0.717666246684102	15.1076478020283	381.300951787076	0.349311529530997	1.22817832609063	125.139936730601
31	0.871534981367853	0.918570222794219	192.228654585899	0.413310285220398	0.709865185072041	9.16935117025965
129	0.862690231747535	2.06161061666617	414.298875480205	0.312115898871117	1.24745555226873	19.5789792487392
48	0.845704365839848	1.11159673546123	228.862776037524	0.390595064073153	0.960350549812628	11.1418115382956
61	0.747207043270789	1.05521996223218	283.583069366786	0.372232592238688	1.06450767850081	11.6185718518879
3133	0.744777999934122	16.3884655894668	356.48955383242	0.343001131075434	1.2083920982204	137.227895785588
108	0.934170221906991	2.35636285634039	364.116449587907	0.325852114153133	1.18045810600719	20.5242290352229
196	0.863653392754845	2.64868080117718	372.323612996327	0.332297338562225	1.20124060908856	25.0218957552064
230	0.875174209501527	3.26599797738419	483.793314530782	0.310306350926483	1.3141982560145	29.9562570311335
117	0.856932291251883	1.92433776309447	391.350108742799	0.316476582553998	1.21219311519443	18.7511818519168
62	0.180652280764234	0.703570420989222	399.628146233087	0.332738046346475	1.17418772017854	9.33085266746
56	0.707423742861552	1.01750553172073	262.544921770339	0.34753182429653	1.02579178363901	10.7007950831834
1506	0.652204057806657	9.53357470646349	389.004658706473	0.339458125779131	1.24258519523334	80.1333462642824
79	0.876561308142886	1.38782135947417	415.115266494773	0.32351467085747	1.14365412785042	14.6511203039452
340	0.847835384230047	5.0542302527074	424.872270912556	0.309481162667738	1.26829054130251	39.3522398931454
500	0.776258743356069	6.81236781121235	343.973376140785	0.338191430659461	1.17032838326083	52.0024731311913
156	0.890704883424149	2.30340573072215	529.422674233975	0.3371430739743	1.29257795278855	22.0409079286507
232	0.664167234605025	3.51346126151086	435.702362977322	0.350754295327424	1.23980810071873	25.8088142002941
63	0.854595330990145	1.11479690759389	339.509010866502	0.369153729883953	1.12572408621269	12.6188182452988
186	0.871739450509391	2.88369986252722	480.363175514721	0.30960914838072	1.25391447674846	25.8635285941234
174	0.787101968140564	2.63645294184184	384.866778135711	0.310756684131509	1.22926754103896	23.3240846608633
67	0.837185609582774	1.20004303169631	334.322956858085	0.345387578886895	1.06931125159683	13.0158327479553
436	0.823213208288654	4.84594090988982	337.900592162831	0.348435001962789	1.17733789908088	46.4799075680806
491	0.829228521792217	5.97659034390506	395.15632988178	0.348540682471611	1.24779771715388	49.1028181377684
37	0.804218583206786	1.01795795550929	202.95374859529	0.414820340702693	0.897453344856848	9.62747488266279
154	0.881962494842101	2.72810658829523	432.746098289627	0.348319927509367	1.12428307440708	23.9644643492456
214	0.743482037872455	2.79576277462596	412.722779599776	0.330110129902517	1.23949242629045	24.3578475578028
497	0.960622237771634	7.74629559435968	532.028791147693	0.328058779157165	1.33068553859636	67.2091757370444
317	0.975229105816174	6.23671302944626	463.976981930345	0.297090845666926	1.29486164715214	49.5252072906943
75	0.907061612614765	1.93150623101265	227.067690119136	0.379686084045946	1.01556885983068	16.510322745958
354	0.856003270431112	4.72066496131835	318.394614535079	0.35059506468577	1.15927237932346	41.665603792908
54	0.338971423242075	0.386893244981539	443.132017871574	0.298223027634792	1.23195587552833	8.59379781324965
34	0.874881874036239	1.11197150091815	219.012836418578	0.422178085371363	0.844928579428742	10.0028848167723
266	0.978418227322171	6.42914384377835	324.237760137983	0.346991423940714	1.14795284820515	53.6556626089694
165	0.831116274280498	2.28313376116026	539.205699565194	0.317073278449292	1.31405883512826	21.3186214562328
126	0.96662417688446	3.54707634931803	260.452541111237	0.379958335617565	1.05795452077533	29.7325503104598
559	0.734592063107016	5.93165257465236	487.757438058459	0.319066858637066	1.29051156486044	51.5327845509765
568	0.895493651392328	7.9328964034427	365.222898769427	0.357064710717242	1.20490569342945	67.8381862357541
119	0.796102901234906	2.10738708167322	260.441799506682	0.365939343324287	1.07211071895741	18.8713867822192
194	0.749726004000845	1.79192932200299	350.834292487564	0.347181301304353	1.1810215655143	20.9918274481107
659	0.814006566568808	6.11087212306085	399.868295828047	0.335623797401353	1.22817395327497	55.0127583725337
503	0.92606220786867	6.50623306929779	433.786362987361	0.336015948453124	1.22636711301945	56.4651389716872
292	0.962150688389092	6.10462576907085	333.961842504872	0.331010771378191	1.15617718496454	46.4241393088744
55	0.8913981660273	1.62764586624928	169.450987187649	0.456505476705255	0.785135226582811	14.3280797271418
183	0.901106825803862	3.27346379408599	353.783068485429	0.350979851771296	1.16820789812417	27.4173822772545
3457	0.883383072867052	21.7613350190589	401.313058736175	0.332708279615355	1.26029734981344	178.899508806739
111	0.722160240580296	1.38788038787457	434.121154823011	0.325603025049392	1.27268192865436	15.2847955449495
318	0.982592982995904	7.26006403541617	350.690583074347	0.359683511217774	1.19913375585383	59.902263502511
110	0.93775396069555	2.86844300221084	237.921352128817	0.385574471828342	0.968277211710994	24.4319463852236
81	0.879676626577202	1.913086074405	243.276603326689	0.362742926042558	0.996854442144604	16.9726656302174
263	0.914927550436786	4.68634428664543	564.920383762044	0.311386529172541	1.29471729732943	40.3527006674098
169	0.827862367000097	3.08158988303465	337.53106744532	0.365226913521992	1.12582760000241	25.1115585169264
290	0.919308050388851	4.06560079707121	397.994007061042	0.319689663748068	1.22208176514482	36.667806312272
195	0.622072109988637	2.64526367676629	347.578346478766	0.345506938604235	1.17094729043849	22.0850921290032
57	0.935663369144723	1.86656067166296	189.426817449991	0.393546172437706	0.929161669176572	15.8180791815943
294	0.72115043081819	3.94351519699098	354.493854100592	0.345675310315291	1.18309962274677	33.9464933079728
603	0.645300186109896	5.55397031363125	298.31585098196	0.35297079499442	1.13457825290236	51.2003727136587
251	0.958808764899431	4.60163611729691	499.41897522558	0.349512825408468	1.23047397245496	38.4682812736748
84	0.721784807051181	1.60808500289731	310.118302044443	0.377145214370851	1.07379531877601	14.4499155609256
197	0.961644353980693	4.10259195864064	585.532085124224	0.28859787271552	1.37876669432331	33.2770207894124
47	0.815305749975493	1.25967368703435	230.589485190365	0.398361153104582	0.943928214403849	11.3378934821727
3525	0.863150923629841	20.4144515231815	393.101938235129	0.340034850400245	1.24835717523983	201.186278136287
143	0.911598507022936	2.77398121608741	301.411373334687	0.369729021984341	1.10460591934725	24.1990382222802
1910	0.907871560485025	16.5369441896218	368.952988875198	0.34413084306097	1.21371522086858	121.938485985481
66	0.770086093051533	1.33094040538311	276.144749729372	0.370634943422667	1.07780426210227	12.8595798405131
469	0.879632240621172	5.30904516441098	503.06579396077	0.321443896037751	1.32327772339168	48.023443828554
201	0.83892091857203	2.84860508618868	300.686232719488	0.340794650500533	1.14103694134424	24.7236513833895
178	0.646176172373299	1.80036176014864	481.375444357195	0.332208010353706	1.27989670759778	18.8956314823964
130	0.855278741678631	2.44607101816357	394.958807796093	0.331454791183298	1.23343376292399	19.7549735046908
404	0.869767497541405	4.84050904757449	439.891875859561	0.317564675772363	1.28628123139982	40.673626738845
1254	0.913833250613421	10.1889380203425	334.940781534757	0.351593861766275	1.18369998455069	90.8380468751602
243	0.771943028238387	4.02486584829626	333.0884493397	0.352447523541641	1.1647939899707	32.2261257989499
673	0.663185387373526	5.78420224311806	412.258413673632	0.331216487502735	1.24118533150929	50.165913817133
215	0.927589630496131	4.18326238011168	334.347899718692	0.351454824251204	1.17155537803009	35.2105495584224
473	0.931454665786111	7.32535091024055	364.585603293378	0.358441226309944	1.20726460950841	61.3400417790248
5981	0.947306600432286	34.2662069139094	378.501691007081	0.344062950804721	1.22956162555534	287.52002401767
101	0.675872583936415	1.18628904348579	244.654646423422	0.359507113074301	0.984543977890768	14.4995225223496
178	0.814329929265848	2.68343632513145	290.254213805263	0.387270347270347	1.10172947168907	26.9431963488095
110	0.921661740895637	2.14687550044958	326.284732065809	0.327260082992557	1.12818271019202	19.917850649005
123	0.899350884746996	2.58144360909632	352.368913027038	0.355855709623595	1.17650702877277	21.2201143846067
33	0.574649545484255	0.483002811840384	208.270731356026	0.367186645468998	0.999797259652391	7.27200105291849
184	0.850003335416534	2.74613730189923	486.56698652738	0.316369179894827	1.31382550248898	23.6710036200254
188	0.913166897439525	3.51099678700085	330.658775981066	0.359299098870763	1.156577251483	31.1399451004021
400	0.824426649248069	5.32553030327711	420.966699337604	0.341029370668784	1.26401667681377	43.3246163048037
169	0.786086979856602	2.21332921504046	356.13072580848	0.338138291367327	1.16664656211208	21.4799491932349
2693	0.678136046098259	13.3993968478449	417.173337619671	0.333326963808036	1.26844834078371	118.15755112461
169	0.89839006778596	3.23230509409378	300.059010896634	0.364380183758093	1.08296226522893	25.9857863411132
75	0.581896725622606	1.18498155889828	321.193783184229	0.368387774400846	1.15680839156905	12.0001296422677
1056	0.717403519305971	8.30341832388483	422.352195651223	0.321120945941694	1.26445609240929	73.2606434325047
90	0.376621813876522	0.847872905501033	405.508303874739	0.317442553405567	1.24208647776468	11.5577932790418
293	0.904352919820606	4.92915631731351	329.394237773794	0.362547057858735	1.13270835045936	42.2498915036378
138	0.929789904728399	2.76033706894562	394.232739389505	0.324684585646688	1.20694597682941	23.1337127234686
264	0.818690233437	3.69936467251216	432.025132495413	0.313682287744849	1.28393180250041	31.7097671213291
54	0.812135024615237	1.14400051820583	200.065516723723	0.376571193665453	0.962271019712261	11.6492493971123
165	0.979255981696375	4.37727401323873	293.834029504697	0.371459273192447	1.14084303056293	37.2172769834876
33	0.806003066955337	0.805611397373961	291.66990900458	0.335683967821701	1.18083514882863	8.68962742308322
170	0.890971392089492	3.14280389461258	312.992195925066	0.352869327500884	1.14563106140746	27.8600211304272
32	0.866121788264421	0.80613432516579	211.906271206874	0.396374941266582	0.89852112138879	9.04977560459104
142	0.681933370816721	2.2571495294552	376.502421161061	0.379360072493008	1.18113396832354	19.4097822618784
221	0.904320383809956	3.53036770643626	452.401534771076	0.311659558752664	1.29086305354191	30.649040323911
831	0.814977374714198	8.33086857668493	341.981591279573	0.362758386125319	1.18377802809836	68.7485346009115
128	0.871974823579735	1.90980492690892	482.091967901895	0.288291335229935	1.29965707534741	19.1033384640897
103	0.674084458464438	1.10618026042635	447.990751509432	0.297746082216671	1.28412433488043	13.8803097097975
280	0.833176560097388	3.95797455437224	463.625710953463	0.324550581380715	1.2842437150315	32.9354114391363
355	0.909829178468536	5.26058163912862	410.492245224944	0.335097969119377	1.26098884769528	47.4497798395047
1054	0.862363609132148	9.1281516463122	346.528792812036	0.352216701176133	1.19531025589349	80.7913847832528
582	0.807244991982205	5.7800571624935	372.581104354703	0.348381671109772	1.19114425467374	50.2425473378493
110	0.871178512828374	1.73150173169578	421.500703011624	0.322133384694692	1.25651076879324	17.636710544293
207	0.862343870044535	3.0076358249069	335.368748011203	0.351657337995099	1.12933146615938	28.1069871369297
72	0.76630165656014	0.853999597301588	443.520848141896	0.304476050711345	1.22572579740202	12.0207592172872
410	0.926058434810212	5.72173471369682	413.035504124637	0.324553363965129	1.25824263231029	50.9969021636764
514	0.867079383430112	6.72064771169713	385.785954054388	0.34200685633972	1.23221101329585	55.6805768788016
124	0.351079474003218	1.8917450795193	322.55513028441	0.342454145654838	1.14451464828958	15.4882456018231
130	0.569405323046351	1.7136647291917	543.347348734395	0.331209263664449	1.28526610240058	15.9619921366861
277	0.921038130334774	4.55537612485971	429.031714487491	0.341533779491033	1.27616114766572	40.2165903541905
60	0.791810955106107	0.865548088600712	359.624329361303	0.332923327783056	1.16175487958951	11.3443635708862
115	0.87316298617329	1.89827371207324	462.008920347318	0.325024225673637	1.09255100920542	18.5290382210583
3361	0.802160505935713	16.3829089979236	399.779747741163	0.335510582381238	1.25818172460851	138.401985840871
168	0.773811889202484	2.90774998380437	309.838043858237	0.344861127233285	1.12840775931014	23.9656433641782
1129	0.908938329496303	11.3181899774344	368.500741737018	0.339811611719444	1.22357790310478	97.0293782902065
64	0.863097083009308	1.21826469296196	330.238318788569	0.359942521707228	1.10661439743961	13.0882760958566
358	0.961390338224194	6.07040001497839	421.815792351458	0.335183670347069	1.27292162360336	54.9151727440165
102	0.854481164133407	1.32991902025241	500.301278313942	0.293751059531993	1.25808155088132	15.9122114624477
145	0.866120492683954	2.36645929283923	395.050371354611	0.329943511110318	1.22890415358178	21.042961710164
159	0.772637141898211	2.52424785354068	363.794080551055	0.331093186836743	1.18886003784797	21.1160463415385
77	0.604333909768702	0.851300736281046	404.85596450387	0.316677917419506	1.24221343889817	11.5056319264309
963	0.788356387018091	7.44339471992954	432.723506265581	0.32890537346176	1.2855435372562	66.2357767353577
684	0.936820318665764	8.49350895131297	357.713075714687	0.331243716544707	1.21146384750024	83.085575623088
40	0.817990446919238	0.802624065816472	219.54450172011	0.382886464834391	0.964911814925873	9.5974570183975
102	0.747175587856434	1.93053060065341	285.443834383923	0.371833965440103	1.03165103636128	16.1852337185549
540	0.950092888634072	7.37328905324229	444.492757035666	0.313418408963812	1.27724799577223	58.9755335110504
80	0.889263430941156	1.55655073460771	363.572477575901	0.371824761761413	1.05095212558866	15.5193198277133
1428	0.937498923943127	12.9267818915732	464.292624473178	0.333523120211234	1.27416763071282	130.34701598958
2472	0.930853096668074	18.2957623112191	405.176396112547	0.331035541042494	1.26024786475958	161.697436305648
165	0.895572723278141	2.6395743902435	427.366655014848	0.324815317234082	1.24914267920089	24.3323155374502
32	0.8257781949734	1.00212737484097	119.018723779578	0.416973315959117	0.764088775816871	9.27887749811541
219	0.506275056010013	2.64816357983845	391.825371423509	0.332368013115231	1.23657824440098	21.4659209364329
59	0.946593231941969	1.88519324368036	205.6163844739	0.413383501148207	0.948462682625069	15.9913809895756
235	0.630477015218065	2.62513591914332	715.038952995016	0.304031104495954	1.4343066675308	22.214697294088
580	0.869617570157934	5.80445466240145	623.418135805986	0.295043024765751	1.36425895854499	48.8697104305561
225	0.881879989453448	3.5332980595303	274.056183973556	0.366218352641978	1.08873315829551	31.0879222753755
89	0.86562679511056	2.05060220484873	300.264184824621	0.352048402772861	1.1431065174562	17.5979787361756
40	0.890280351859781	1.13531381974029	273.032152656094	0.388338347397171	0.913771713316051	10.8657038532549
56	0.806352227610369	0.932911374998872	290.933284970908	0.349851281959676	1.06181962111384	11.2198249499561
418	0.968194611333892	7.27345908924895	500.256385281057	0.318777356255994	1.32416018528317	59.9556341767073
456	0.945026426956618	6.59562320744876	682.905646210197	0.303645274460264	1.40568685534365	52.7677645942885
182	0.895000425439647	2.42393321051676	599.879886934532	0.28381426711097	1.36254831205938	23.4454896540771
334	0.858666282078776	5.14354585297344	362.004273601426	0.330137013225248	1.21260203218385	39.1634392270236
60	0.809659059797709	0.834573911787566	363.119700399426	0.320501444012756	1.13646852253972	11.4633112909585
61	0.781621143702442	0.890017213705872	349.740685080786	0.326384653252375	1.14731920286938	11.4158798782866
382	0.603689528064153	4.17114220407765	380.698692213774	0.324512274454819	1.22126565104215	33.1878897685905
158	0.876232723184816	2.51888053766354	545.497646516229	0.32136688724924	1.29847656175843	22.5121366634888
1146	0.80085832093825	8.64804166407461	457.019732439467	0.330837493932373	1.30673461228561	73.8030836669783
84	0.914756854970758	1.78837475874875	363.29278178275	0.331636350101823	1.08519762773232	16.704319331908
161	0.923526519670943	2.92085600324928	337.5098061475	0.349012793981575	1.1397134342375	26.6832812591946
203	0.675995479090782	2.77756635969068	337.890607602236	0.364302918234807	1.1180934188282	24.6886096874771
221	0.972504896229323	4.81820645731842	383.028892764409	0.323803192210187	1.16847943028257	40.1415275092827
52	0.85129398992073	1.20201913035774	241.8867740911	0.369370396037063	0.899563412493318	11.8183161973347
754	0.985953147175067	13.8213403564544	373.54944911305	0.348711149020523	1.21651651593028	106.815688024884
234	0.724279732290228	2.97785272819906	461.141271315443	0.330101369189125	1.2935716753525	25.0586936987936
37	0.82046604691502	0.80183786653364	193.869635117531	0.412584514055102	0.90539931677228	9.18804543266632
81	0.816331572722565	1.11721729949251	426.433384778061	0.298201209675054	1.23148980761889	13.5853823470717
249	0.779360519575997	4.10024865952288	408.854603147721	0.350838797320107	1.22753585221205	32.0052266142289
979	0.973546416614402	12.8589092839457	379.122929363655	0.341889046387146	1.24683628627362	105.42158055541
125	0.677949189871596	1.47214158891195	467.178079108157	0.299608606879581	1.29762413407459	15.4148088360448
187	0.909170705054931	3.0838953308298	444.483975231253	0.317207227297941	1.18973490862877	28.4381586271748
339	0.796606648116424	4.05241955176048	319.536769488349	0.365551383778693	1.15402830559725	38.7447391251434
34	0.832095479264971	0.864539647535367	231.492439106152	0.394558172706105	0.8727842997116	9.06591215156601
43	0.893137796004419	1.51771153994997	199.673744025942	0.434973772253184	1.05497065429655	12.5093279119255
50	0.957006922981048	1.78610395928312	182.730712435005	0.390934898699604	0.863860849286652	15.4793218203676
54	0.57942034707306	0.429471195285622	491.869161353201	0.314960170989583	1.12048579924342	9.1764144207736
231	0.751783421066655	3.1506743274721	428.350795937756	0.335820124897924	1.26395034180358	26.5781731320939
177	0.914663898827933	3.03799367437885	379.113107545116	0.336584060847037	1.21153566691177	27.2150189494297
168	0.614374964045362	2.45569884531188	384.986201454752	0.355147342242662	1.19920554131003	20.1817402828545
229	0.841353535203942	2.23367737067951	946.917992894547	0.283449588072987	1.51505620010692	24.0980268581017
78	0.97262210413614	3.01531150986432	180.031996152882	0.472229211308495	0.857990395985442	25.1255290510257
204	0.695584057252726	2.5198761266329	438.30066768097	0.320210150999968	1.26305923711092	22.5843970662646
221	0.828449515871201	3.68533692394692	593.36746871457	0.292376277597873	1.39726197120256	27.5325128416474
226	0.854568140085322	3.21061441616398	367.348717256728	0.339764614286124	1.21886699360217	29.4409251996072
52	0.633805118241317	0.781986227384583	302.028125687227	0.35814717555894	1.06134317357131	9.67348325609769
78	0.802201072434791	1.75610962032643	367.175000470191	0.375027752571005	1.21111709915091	15.1641671754756
127	0.884542821325012	2.8093059701929	261.954845958022	0.351411770977382	1.09884972352507	23.8464611544072
83	0.786360185184737	1.3353222489538	381.897425994641	0.299327063442524	1.21919825593065	13.7674861516103
63	0.861731623622617	1.23203940873449	347.00356603991	0.34179032527772	1.16762384673248	13.0575540757345
72	0.924665496468205	2.05747505921903	262.110031842602	0.342087078113715	1.12065708902146	17.85136459693
34	0.874185027075512	1.0337624344428	200.874634865415	0.383873921075159	0.84696044974364	9.88132802519747
46	0.551201447850838	0.584757378204437	317.590214579464	0.342927108233922	1.04511561546092	8.62105528457775
82	0.952352541598942	2.63808176718557	283.879793565362	0.321367719125072	1.13138173226916	22.5412433633625
96	0.882404351027575	1.77970494344477	444.676935474692	0.261463747144758	1.3645690181949	17.2354638286927
109	0.97646297356841	3.54422148788867	485.051263912622	0.29492621253166	1.32947005149264	28.0420765667751
59	0.976649305462746	2.7182084440256	239.598991766918	0.331016760705342	1.0323211887601	20.3530137660486
39	0.877187115086213	1.00889997207045	287.472830051056	0.290056388762271	1.16592826345976	10.2998978924713
